
  STNR    EAST    NORTH      LON      LAT YEAR                  RR_1
------ ------- -------- -------- -------- -------------------- -----
 68863  273092  7039406  10.4535  63.4107 2005                   4.7
 68863  273092  7039406  10.4535  63.4107 2006                   9.4
 68863  273092  7039406  10.4535  63.4107 2007                   2.1
 68863  273092  7039406  10.4535  63.4107 2008                  11.6
 68863  273092  7039406  10.4535  63.4107 2009                   5.3
 68863  273092  7039406  10.4535  63.4107 2010                  10.6
 68863  273092  7039406  10.4535  63.4107 2011                   4.1
