
  STNR    EAST    NORTH      LON      LAT YEAR                  RR_1
------ ------- -------- -------- -------- -------------------- -----
 80200  418990  7364523  13.1872  66.3897 1991                   5.4
 80200  418990  7364523  13.1872  66.3897 1993                   8.8
 80200  418990  7364523  13.1872  66.3897 1994                  14.6
 80200  418990  7364523  13.1872  66.3897 1995                   8.2
 80200  418990  7364523  13.1872  66.3897 1997                  13.2
 80200  418990  7364523  13.1872  66.3897 1998                   8.8
 80200  418990  7364523  13.1872  66.3897 1999                  12.6
