
  STNR     EAST    NORTH      LON      LAT YEAR                 MONTH  DAY    TIME    RR_1
------ -------- -------- -------- -------- -------------------- ------ ------ ------ -----
  1220   292596  6559392  11.3759  59.1231 1974                 05     22     13       4.8
  1220   292596  6559392  11.3759  59.1231 1974                 06     26     18       6.4
  1220   292596  6559392  11.3759  59.1231 1974                 07     14     13       4.2
  1220   292596  6559392  11.3759  59.1231 1974                 08     13     10       5.0
  1220   292596  6559392  11.3759  59.1231 1974                 08     13     11       4.6
  1220   292596  6559392  11.3759  59.1231 1974                 09     14     10       4.6
  1220   292596  6559392  11.3759  59.1231 1974                 09     22     12       4.2
  1220   292596  6559392  11.3759  59.1231 1974                 09     22     13       6.6
  1220   292596  6559392  11.3759  59.1231 1974                 09     22     14       5.6
  1220   292596  6559392  11.3759  59.1231 1974                 09     28     04       4.4
  1220   292596  6559392  11.3759  59.1231 1975                 07     15     05      12.0
  1220   292596  6559392  11.3759  59.1231 1975                 07     23     22       4.0
  1220   292596  6559392  11.3759  59.1231 1975                 08     16     05       5.4
  1220   292596  6559392  11.3759  59.1231 1975                 09     09     22       5.6
  1220   292596  6559392  11.3759  59.1231 1975                 09     11     15       7.6
  1220   292596  6559392  11.3759  59.1231 1975                 09     20     22       6.2
  1220   292596  6559392  11.3759  59.1231 1975                 09     25     05       5.8
  1220   292596  6559392  11.3759  59.1231 1975                 09     26     04       4.0
  1220   292596  6559392  11.3759  59.1231 1975                 10     01     15       4.2
  1220   292596  6559392  11.3759  59.1231 1975                 10     04     10       4.4
  1220   292596  6559392  11.3759  59.1231 1976                 06     11     18       4.4
  1220   292596  6559392  11.3759  59.1231 1976                 07     17     03       4.8
  1220   292596  6559392  11.3759  59.1231 1976                 07     20     04       4.4
  1220   292596  6559392  11.3759  59.1231 1976                 08     31     00       6.0
  1220   292596  6559392  11.3759  59.1231 1976                 10     15     00       5.8
  1220   292596  6559392  11.3759  59.1231 1976                 10     15     01       3.8
  1220   292596  6559392  11.3759  59.1231 1976                 10     15     02       4.0
  1220   292596  6559392  11.3759  59.1231 1976                 10     15     03       3.4
  1220   292596  6559392  11.3759  59.1231 1976                 10     15     04       3.4
  1220   292596  6559392  11.3759  59.1231 1976                 10     15     05       3.4
  1220   292596  6559392  11.3759  59.1231 1977                 05     02     02       3.0
  1220   292596  6559392  11.3759  59.1231 1977                 05     02     03       4.6
  1220   292596  6559392  11.3759  59.1231 1977                 05     12     18       3.4
  1220   292596  6559392  11.3759  59.1231 1977                 05     12     20       1.8
  1220   292596  6559392  11.3759  59.1231 1977                 06     06     08       2.0
  1220   292596  6559392  11.3759  59.1231 1977                 06     06     10       3.0
  1220   292596  6559392  11.3759  59.1231 1977                 06     08     02       2.0
  1220   292596  6559392  11.3759  59.1231 1977                 06     11     04       2.6
  1220   292596  6559392  11.3759  59.1231 1977                 07     01     06       4.4
  1220   292596  6559392  11.3759  59.1231 1977                 08     26     10       3.8
  1220   292596  6559392  11.3759  59.1231 1978                 06     23     19       8.0
  1220   292596  6559392  11.3759  59.1231 1978                 07     02     10       4.2
  1220   292596  6559392  11.3759  59.1231 1978                 07     02     11       5.2
  1220   292596  6559392  11.3759  59.1231 1978                 07     05     19       8.0
  1220   292596  6559392  11.3759  59.1231 1978                 07     20     14       6.6
  1220   292596  6559392  11.3759  59.1231 1978                 08     05     14      15.4
  1220   292596  6559392  11.3759  59.1231 1978                 08     05     15       5.8
  1220   292596  6559392  11.3759  59.1231 1978                 08     16     01       7.8
  1220   292596  6559392  11.3759  59.1231 1978                 08     16     03       6.2
  1220   292596  6559392  11.3759  59.1231 1978                 09     04     00       4.2
  1220   292596  6559392  11.3759  59.1231 1979                 05     23     12       5.4
  1220   292596  6559392  11.3759  59.1231 1979                 05     27     10       5.4
  1220   292596  6559392  11.3759  59.1231 1979                 06     23     16       6.1
  1220   292596  6559392  11.3759  59.1231 1979                 07     26     16       4.8
  1220   292596  6559392  11.3759  59.1231 1979                 08     09     06       4.6
  1220   292596  6559392  11.3759  59.1231 1979                 08     23     10       5.6
  1220   292596  6559392  11.3759  59.1231 1979                 09     03     06       5.0
  1220   292596  6559392  11.3759  59.1231 1979                 10     15     00       6.4
  1220   292596  6559392  11.3759  59.1231 1979                 11     04     05       4.6
  1220   292596  6559392  11.3759  59.1231 1979                 11     04     07       5.0
  1220   292596  6559392  11.3759  59.1231 1980                 06     03     00       4.6
  1220   292596  6559392  11.3759  59.1231 1980                 06     17     16       5.4
  1220   292596  6559392  11.3759  59.1231 1980                 06     22     09       5.2
  1220   292596  6559392  11.3759  59.1231 1980                 06     29     17       5.0
  1220   292596  6559392  11.3759  59.1231 1980                 07     05     18       5.4
  1220   292596  6559392  11.3759  59.1231 1980                 07     18     06       6.2
  1220   292596  6559392  11.3759  59.1231 1980                 07     18     07       6.8
  1220   292596  6559392  11.3759  59.1231 1980                 08     25     16       4.8
  1220   292596  6559392  11.3759  59.1231 1980                 09     20     22       5.8
  1220   292596  6559392  11.3759  59.1231 1980                 10     07     09       7.2
  1220   292596  6559392  11.3759  59.1231 1981                 05     24     20       5.6
  1220   292596  6559392  11.3759  59.1231 1981                 06     12     12       4.4
  1220   292596  6559392  11.3759  59.1231 1981                 06     12     13       5.4
  1220   292596  6559392  11.3759  59.1231 1981                 06     18     02       6.0
  1220   292596  6559392  11.3759  59.1231 1981                 06     27     20       5.2
  1220   292596  6559392  11.3759  59.1231 1981                 06     30     08       4.4
  1220   292596  6559392  11.3759  59.1231 1981                 06     30     09       5.8
  1220   292596  6559392  11.3759  59.1231 1981                 09     22     11       4.8
  1220   292596  6559392  11.3759  59.1231 1981                 11     02     08       5.6
  1220   292596  6559392  11.3759  59.1231 1981                 11     02     09       5.0
  1220   292596  6559392  11.3759  59.1231 1982                 05     28     04      11.8
  1220   292596  6559392  11.3759  59.1231 1982                 06     29     19       5.6
  1220   292596  6559392  11.3759  59.1231 1982                 07     14     05      10.2
  1220   292596  6559392  11.3759  59.1231 1982                 08     12     19       7.8
  1220   292596  6559392  11.3759  59.1231 1982                 08     12     20      12.6
  1220   292596  6559392  11.3759  59.1231 1982                 08     20     10       7.6
  1220   292596  6559392  11.3759  59.1231 1982                 09     20     16       7.0
  1220   292596  6559392  11.3759  59.1231 1982                 09     21     22       9.4
  1220   292596  6559392  11.3759  59.1231 1982                 10     26     00       6.6
  1220   292596  6559392  11.3759  59.1231 1982                 11     11     03       6.2
  1220   292596  6559392  11.3759  59.1231 1984                 05     19     13       5.2
  1220   292596  6559392  11.3759  59.1231 1984                 05     20     18       4.6
  1220   292596  6559392  11.3759  59.1231 1984                 06     02     18       4.8
  1220   292596  6559392  11.3759  59.1231 1984                 06     02     19       5.6
  1220   292596  6559392  11.3759  59.1231 1984                 06     02     21       8.0
  1220   292596  6559392  11.3759  59.1231 1984                 06     21     15       4.4
  1220   292596  6559392  11.3759  59.1231 1984                 06     29     13       6.6
  1220   292596  6559392  11.3759  59.1231 1984                 07     01     13       5.2
  1220   292596  6559392  11.3759  59.1231 1984                 07     12     10       4.8
  1220   292596  6559392  11.3759  59.1231 1984                 09     03     20       5.8
  1220   292596  6559392  11.3759  59.1231 1985                 06     21     19       7.2
  1220   292596  6559392  11.3759  59.1231 1985                 06     22     16       6.8
  1220   292596  6559392  11.3759  59.1231 1985                 06     23     14       8.2
  1220   292596  6559392  11.3759  59.1231 1985                 06     23     15      15.4
  1220   292596  6559392  11.3759  59.1231 1985                 07     14     20       4.8
  1220   292596  6559392  11.3759  59.1231 1985                 07     14     22      10.2
  1220   292596  6559392  11.3759  59.1231 1985                 07     15     10       9.1
  1220   292596  6559392  11.3759  59.1231 1985                 07     18     19       4.8
  1220   292596  6559392  11.3759  59.1231 1985                 07     19     15      19.7
  1220   292596  6559392  11.3759  59.1231 1985                 08     03     09       5.3
  1220   292596  6559392  11.3759  59.1231 1986                 05     21     17       4.8
  1220   292596  6559392  11.3759  59.1231 1986                 06     07     05       4.6
  1220   292596  6559392  11.3759  59.1231 1986                 06     07     06       4.8
  1220   292596  6559392  11.3759  59.1231 1986                 07     09     06       5.8
  1220   292596  6559392  11.3759  59.1231 1986                 07     09     07       4.8
  1220   292596  6559392  11.3759  59.1231 1986                 07     29     17       9.5
  1220   292596  6559392  11.3759  59.1231 1986                 08     04     05       4.6
  1220   292596  6559392  11.3759  59.1231 1986                 08     04     13       5.0
  1220   292596  6559392  11.3759  59.1231 1986                 08     04     16      11.8
  1220   292596  6559392  11.3759  59.1231 1986                 08     16     14       7.8
  1220   292596  6559392  11.3759  59.1231 1987                 06     03     15       4.8
  1220   292596  6559392  11.3759  59.1231 1987                 06     08     20       6.4
  1220   292596  6559392  11.3759  59.1231 1987                 06     16     19       8.8
  1220   292596  6559392  11.3759  59.1231 1987                 07     29     04       8.2
  1220   292596  6559392  11.3759  59.1231 1987                 08     21     18       4.8
  1220   292596  6559392  11.3759  59.1231 1987                 08     21     19       7.2
  1220   292596  6559392  11.3759  59.1231 1987                 09     06     09       4.8
  1220   292596  6559392  11.3759  59.1231 1987                 09     10     20       5.6
  1220   292596  6559392  11.3759  59.1231 1987                 10     06     21       4.6
  1220   292596  6559392  11.3759  59.1231 1987                 10     08     22       4.4
  1220   292596  6559392  11.3759  59.1231 1989                 06     01     09       3.6
  1220   292596  6559392  11.3759  59.1231 1989                 06     21     20      14.1
  1220   292596  6559392  11.3759  59.1231 1989                 06     28     01       5.8
  1220   292596  6559392  11.3759  59.1231 1989                 07     30     22       4.6
  1220   292596  6559392  11.3759  59.1231 1989                 07     31     02       4.2
  1220   292596  6559392  11.3759  59.1231 1989                 07     31     03       4.4
  1220   292596  6559392  11.3759  59.1231 1989                 07     31     14       6.2
  1220   292596  6559392  11.3759  59.1231 1989                 08     01     19       4.0
  1220   292596  6559392  11.3759  59.1231 1989                 08     14     16      12.3
  1220   292596  6559392  11.3759  59.1231 1989                 08     15     15       4.0
  1220   292596  6559392  11.3759  59.1231 1991                 06     13     13       5.2
  1220   292596  6559392  11.3759  59.1231 1991                 07     14     11       4.4
  1220   292596  6559392  11.3759  59.1231 1991                 07     14     12       7.6
  1220   292596  6559392  11.3759  59.1231 1991                 07     17     14       4.6
  1220   292596  6559392  11.3759  59.1231 1991                 07     17     16       4.6
  1220   292596  6559392  11.3759  59.1231 1991                 07     17     17       6.8
  1220   292596  6559392  11.3759  59.1231 1991                 08     06     17       5.4
  1220   292596  6559392  11.3759  59.1231 1991                 09     22     15       5.2
  1220   292596  6559392  11.3759  59.1231 1991                 09     24     07       5.4
  1220   292596  6559392  11.3759  59.1231 1991                 10     01     08       5.8
  1220   292596  6559392  11.3759  59.1231 1992                 07     13     22       5.2
  1220   292596  6559392  11.3759  59.1231 1992                 07     18     01       4.8
  1220   292596  6559392  11.3759  59.1231 1992                 07     21     20       6.2
  1220   292596  6559392  11.3759  59.1231 1992                 08     02     07       7.8
  1220   292596  6559392  11.3759  59.1231 1992                 08     14     21       7.0
  1220   292596  6559392  11.3759  59.1231 1992                 08     21     16       5.6
  1220   292596  6559392  11.3759  59.1231 1992                 08     23     20       6.8
  1220   292596  6559392  11.3759  59.1231 1992                 08     28     07      10.6
  1220   292596  6559392  11.3759  59.1231 1992                 09     12     07       5.2
  1220   292596  6559392  11.3759  59.1231 1992                 11     02     23       4.8
  1220   292596  6559392  11.3759  59.1231 1994                 08     13     18       6.6
  1220   292596  6559392  11.3759  59.1231 1994                 08     13     21       5.2
  1220   292596  6559392  11.3759  59.1231 1994                 08     25     22       6.4
  1220   292596  6559392  11.3759  59.1231 1994                 08     29     05       5.6
  1220   292596  6559392  11.3759  59.1231 1994                 08     29     06       4.2
  1220   292596  6559392  11.3759  59.1231 1994                 08     29     08       4.4
  1220   292596  6559392  11.3759  59.1231 1994                 08     29     09       7.4
  1220   292596  6559392  11.3759  59.1231 1994                 08     29     10      12.2
  1220   292596  6559392  11.3759  59.1231 1994                 09     15     17       3.6
  1220   292596  6559392  11.3759  59.1231 1994                 09     15     18       5.0
  1220   292596  6559392  11.3759  59.1231 1995                 07     21     14       4.6
  1220   292596  6559392  11.3759  59.1231 1995                 07     21     15       7.0
  1220   292596  6559392  11.3759  59.1231 1995                 07     21     16       7.0
  1220   292596  6559392  11.3759  59.1231 1995                 08     25     17       5.0
  1220   292596  6559392  11.3759  59.1231 1995                 09     24     20       3.4
  1220   292596  6559392  11.3759  59.1231 1995                 09     25     23       3.4
  1220   292596  6559392  11.3759  59.1231 1995                 10     04     10       7.4
  1220   292596  6559392  11.3759  59.1231 1995                 10     04     11       3.0
  1220   292596  6559392  11.3759  59.1231 1995                 10     17     22       3.0
  1220   292596  6559392  11.3759  59.1231 1995                 10     22     17       3.0



