
  STNR     EAST    NORTH      LON      LAT YEAR                 MONTH  DAY    TIME    RR_1
------ -------- -------- -------- -------- -------------------- ------ ------ ------ -----
 15720   125425  6884414   7.8600  61.9067 1968                 06     23     21       1.6
 15720   125425  6884414   7.8600  61.9067 1968                 06     24     05       1.6
 15720   125425  6884414   7.8600  61.9067 1968                 06     24     08       1.8
 15720   125425  6884414   7.8600  61.9067 1968                 06     26     09       1.8
 15720   125425  6884414   7.8600  61.9067 1968                 07     15     02       2.6
 15720   125425  6884414   7.8600  61.9067 1968                 09     24     05       1.8
 15720   125425  6884414   7.8600  61.9067 1968                 09     28     09       2.0
 15720   125425  6884414   7.8600  61.9067 1968                 09     29     00       3.6
 15720   125425  6884414   7.8600  61.9067 1968                 09     30     15       1.8
 15720   125425  6884414   7.8600  61.9067 1968                 09     30     16       2.2
 15720   125425  6884414   7.8600  61.9067 1969                 08     16     19       4.4
 15720   125425  6884414   7.8600  61.9067 1969                 08     17     14       6.2
 15720   125425  6884414   7.8600  61.9067 1969                 08     22     15       2.6
 15720   125425  6884414   7.8600  61.9067 1969                 08     22     16       3.8
 15720   125425  6884414   7.8600  61.9067 1969                 08     22     17       2.4
 15720   125425  6884414   7.8600  61.9067 1969                 09     10     22       2.4
 15720   125425  6884414   7.8600  61.9067 1969                 09     11     19       2.4
 15720   125425  6884414   7.8600  61.9067 1969                 09     11     22       2.6
 15720   125425  6884414   7.8600  61.9067 1969                 09     12     10       3.0
 15720   125425  6884414   7.8600  61.9067 1969                 09     12     16       2.4
 15720   125425  6884414   7.8600  61.9067 1970                 06     25     15       1.6
 15720   125425  6884414   7.8600  61.9067 1970                 07     14     17       3.8
 15720   125425  6884414   7.8600  61.9067 1970                 07     18     21       1.8
 15720   125425  6884414   7.8600  61.9067 1970                 07     22     04       2.4
 15720   125425  6884414   7.8600  61.9067 1970                 07     24     09       2.6
 15720   125425  6884414   7.8600  61.9067 1970                 07     24     10       2.2
 15720   125425  6884414   7.8600  61.9067 1970                 09     01     17       1.8
 15720   125425  6884414   7.8600  61.9067 1970                 09     04     14       2.6
 15720   125425  6884414   7.8600  61.9067 1970                 09     04     15       2.8
 15720   125425  6884414   7.8600  61.9067 1970                 09     09     22       1.8
 15720   125425  6884414   7.8600  61.9067 1971                 06     21     15       1.6
 15720   125425  6884414   7.8600  61.9067 1971                 06     28     04       1.8
 15720   125425  6884414   7.8600  61.9067 1971                 06     28     07       2.2
 15720   125425  6884414   7.8600  61.9067 1971                 06     28     09       1.8
 15720   125425  6884414   7.8600  61.9067 1971                 06     28     10       1.6
 15720   125425  6884414   7.8600  61.9067 1971                 06     28     11       2.0
 15720   125425  6884414   7.8600  61.9067 1971                 06     28     12       1.6
 15720   125425  6884414   7.8600  61.9067 1971                 06     29     01       1.6
 15720   125425  6884414   7.8600  61.9067 1971                 07     27     03       3.6
 15720   125425  6884414   7.8600  61.9067 1971                 07     27     04       1.6
 15720   125425  6884414   7.8600  61.9067 1972                 06     07     09       3.0
 15720   125425  6884414   7.8600  61.9067 1972                 06     22     14       3.6
 15720   125425  6884414   7.8600  61.9067 1972                 07     08     04       3.4
 15720   125425  6884414   7.8600  61.9067 1972                 07     08     11       4.8
 15720   125425  6884414   7.8600  61.9067 1972                 07     08     12       3.6
 15720   125425  6884414   7.8600  61.9067 1972                 07     08     13       3.6
 15720   125425  6884414   7.8600  61.9067 1972                 08     07     17       6.0
 15720   125425  6884414   7.8600  61.9067 1972                 08     07     23       3.2
 15720   125425  6884414   7.8600  61.9067 1972                 08     08     02       3.0
 15720   125425  6884414   7.8600  61.9067 1972                 08     09     06       3.0
 15720   125425  6884414   7.8600  61.9067 1973                 05     20     05       1.6
 15720   125425  6884414   7.8600  61.9067 1973                 06     01     05       1.8
 15720   125425  6884414   7.8600  61.9067 1973                 06     01     14       1.8
 15720   125425  6884414   7.8600  61.9067 1973                 07     03     20       2.2
 15720   125425  6884414   7.8600  61.9067 1973                 07     09     00       1.6
 15720   125425  6884414   7.8600  61.9067 1973                 07     11     17       2.2
 15720   125425  6884414   7.8600  61.9067 1973                 07     21     04       1.8
 15720   125425  6884414   7.8600  61.9067 1973                 07     21     05       1.6
 15720   125425  6884414   7.8600  61.9067 1973                 08     07     02       1.6
 15720   125425  6884414   7.8600  61.9067 1973                 08     30     20       1.6
 15720   125425  6884414   7.8600  61.9067 1974                 06     08     14       3.2
 15720   125425  6884414   7.8600  61.9067 1974                 06     26     10       2.8
 15720   125425  6884414   7.8600  61.9067 1974                 07     12     19       2.8
 15720   125425  6884414   7.8600  61.9067 1974                 07     17     15       2.2
 15720   125425  6884414   7.8600  61.9067 1974                 08     16     01       3.0
 15720   125425  6884414   7.8600  61.9067 1974                 08     16     02       3.0
 15720   125425  6884414   7.8600  61.9067 1974                 08     27     01       3.4
 15720   125425  6884414   7.8600  61.9067 1974                 08     27     04       2.8
 15720   125425  6884414   7.8600  61.9067 1974                 08     27     09       2.2
 15720   125425  6884414   7.8600  61.9067 1974                 09     11     22       2.8
 15720   125425  6884414   7.8600  61.9067 1975                 06     13     01       2.4
 15720   125425  6884414   7.8600  61.9067 1975                 06     19     23       2.4
 15720   125425  6884414   7.8600  61.9067 1975                 07     15     13       2.2
 15720   125425  6884414   7.8600  61.9067 1975                 07     23     20       2.8
 15720   125425  6884414   7.8600  61.9067 1975                 07     23     21       4.8
 15720   125425  6884414   7.8600  61.9067 1975                 07     24     04       2.8
 15720   125425  6884414   7.8600  61.9067 1975                 09     18     18       2.4
 15720   125425  6884414   7.8600  61.9067 1975                 09     24     12       2.8
 15720   125425  6884414   7.8600  61.9067 1975                 09     24     13       2.4
 15720   125425  6884414   7.8600  61.9067 1975                 10     01     14       2.8
 15720   125425  6884414   7.8600  61.9067 1976                 06     20     11       2.4
 15720   125425  6884414   7.8600  61.9067 1976                 06     20     12       1.8
 15720   125425  6884414   7.8600  61.9067 1976                 06     26     20       2.4
 15720   125425  6884414   7.8600  61.9067 1976                 06     26     23       3.0
 15720   125425  6884414   7.8600  61.9067 1976                 07     11     02       2.8
 15720   125425  6884414   7.8600  61.9067 1976                 07     16     20       2.2
 15720   125425  6884414   7.8600  61.9067 1976                 07     16     22       2.2
 15720   125425  6884414   7.8600  61.9067 1976                 07     28     00       3.4
 15720   125425  6884414   7.8600  61.9067 1976                 07     28     01       3.0
 15720   125425  6884414   7.8600  61.9067 1976                 07     28     02       4.0
 15720   125425  6884414   7.8600  61.9067 1977                 06     10     11       2.0
 15720   125425  6884414   7.8600  61.9067 1977                 06     26     00       1.6
 15720   125425  6884414   7.8600  61.9067 1977                 06     28     20       1.6
 15720   125425  6884414   7.8600  61.9067 1977                 06     29     21       1.8
 15720   125425  6884414   7.8600  61.9067 1977                 07     01     15       2.0
 15720   125425  6884414   7.8600  61.9067 1977                 07     08     14       4.2
 15720   125425  6884414   7.8600  61.9067 1977                 07     08     15       1.6
 15720   125425  6884414   7.8600  61.9067 1977                 08     03     00       3.4
 15720   125425  6884414   7.8600  61.9067 1977                 08     05     21       1.6
 15720   125425  6884414   7.8600  61.9067 1977                 08     31     07       2.0
 15720   125425  6884414   7.8600  61.9067 1978                 05     24     12       2.2
 15720   125425  6884414   7.8600  61.9067 1978                 05     24     13       2.6
 15720   125425  6884414   7.8600  61.9067 1978                 06     24     15       2.2
 15720   125425  6884414   7.8600  61.9067 1978                 07     05     12       2.4
 15720   125425  6884414   7.8600  61.9067 1978                 07     20     19       3.4
 15720   125425  6884414   7.8600  61.9067 1978                 07     20     20       3.2
 15720   125425  6884414   7.8600  61.9067 1978                 08     07     19       6.8
 15720   125425  6884414   7.8600  61.9067 1978                 09     17     05       2.6
 15720   125425  6884414   7.8600  61.9067 1978                 09     17     06       3.0
 15720   125425  6884414   7.8600  61.9067 1978                 09     17     07       3.6
 15720   125425  6884414   7.8600  61.9067 1979                 05     24     08       3.2
 15720   125425  6884414   7.8600  61.9067 1979                 06     01     18       7.0
 15720   125425  6884414   7.8600  61.9067 1979                 08     09     18       3.2
 15720   125425  6884414   7.8600  61.9067 1979                 08     10     02       2.6
 15720   125425  6884414   7.8600  61.9067 1979                 08     17     16       3.0
 15720   125425  6884414   7.8600  61.9067 1979                 08     21     18       3.4
 15720   125425  6884414   7.8600  61.9067 1979                 08     21     19       5.4
 15720   125425  6884414   7.8600  61.9067 1979                 08     21     20       3.2
 15720   125425  6884414   7.8600  61.9067 1979                 09     19     08       3.0
 15720   125425  6884414   7.8600  61.9067 1979                 09     26     02       3.0
 15720   125425  6884414   7.8600  61.9067 1980                 07     02     16       4.2
 15720   125425  6884414   7.8600  61.9067 1980                 07     03     14       3.4
 15720   125425  6884414   7.8600  61.9067 1980                 07     04     21       2.8
 15720   125425  6884414   7.8600  61.9067 1980                 07     08     18      10.4
 15720   125425  6884414   7.8600  61.9067 1980                 07     08     19       5.0
 15720   125425  6884414   7.8600  61.9067 1980                 07     20     18       3.0
 15720   125425  6884414   7.8600  61.9067 1980                 07     21     18       3.8
 15720   125425  6884414   7.8600  61.9067 1980                 07     21     19       3.4
 15720   125425  6884414   7.8600  61.9067 1980                 08     05     22       5.8
 15720   125425  6884414   7.8600  61.9067 1980                 09     20     02       3.4
 15720   125425  6884414   7.8600  61.9067 1982                 08     06     05       4.8
 15720   125425  6884414   7.8600  61.9067 1982                 08     12     15       6.6
 15720   125425  6884414   7.8600  61.9067 1982                 08     12     18       4.6
 15720   125425  6884414   7.8600  61.9067 1982                 09     11     00       2.2
 15720   125425  6884414   7.8600  61.9067 1982                 09     11     03       2.0
 15720   125425  6884414   7.8600  61.9067 1982                 09     11     04       3.8
 15720   125425  6884414   7.8600  61.9067 1982                 09     18     10       2.4
 15720   125425  6884414   7.8600  61.9067 1982                 09     18     22       2.2
 15720   125425  6884414   7.8600  61.9067 1982                 09     21     02       2.6
 15720   125425  6884414   7.8600  61.9067 1982                 09     30     14       2.6
 15720   125425  6884414   7.8600  61.9067 1983                 05     22     13       3.0
 15720   125425  6884414   7.8600  61.9067 1983                 08     16     01       2.4
 15720   125425  6884414   7.8600  61.9067 1983                 09     14     10       3.0
 15720   125425  6884414   7.8600  61.9067 1983                 09     24     00       2.4
 15720   125425  6884414   7.8600  61.9067 1983                 09     24     01       2.6
 15720   125425  6884414   7.8600  61.9067 1983                 09     24     02       3.2
 15720   125425  6884414   7.8600  61.9067 1983                 09     24     03       3.4
 15720   125425  6884414   7.8600  61.9067 1983                 09     24     04       4.4
 15720   125425  6884414   7.8600  61.9067 1983                 09     24     05       4.2
 15720   125425  6884414   7.8600  61.9067 1983                 09     24     06       3.4
 15720   125425  6884414   7.8600  61.9067 1984                 06     03     09       2.2
 15720   125425  6884414   7.8600  61.9067 1984                 07     15     19       2.8
 15720   125425  6884414   7.8600  61.9067 1984                 07     20     22       2.2
 15720   125425  6884414   7.8600  61.9067 1984                 07     20     23       2.2
 15720   125425  6884414   7.8600  61.9067 1984                 08     04     23       2.8
 15720   125425  6884414   7.8600  61.9067 1984                 08     05     00       3.8
 15720   125425  6884414   7.8600  61.9067 1984                 08     30     13       2.2
 15720   125425  6884414   7.8600  61.9067 1984                 08     30     14       2.6
 15720   125425  6884414   7.8600  61.9067 1984                 08     30     15       2.6
 15720   125425  6884414   7.8600  61.9067 1984                 09     09     06       2.4
 15720   125425  6884414   7.8600  61.9067 1985                 06     06     07       3.0
 15720   125425  6884414   7.8600  61.9067 1985                 06     27     20       2.6
 15720   125425  6884414   7.8600  61.9067 1985                 07     19     15       2.8
 15720   125425  6884414   7.8600  61.9067 1985                 07     19     16       2.6
 15720   125425  6884414   7.8600  61.9067 1985                 07     19     18       2.6
 15720   125425  6884414   7.8600  61.9067 1985                 07     19     19       4.2
 15720   125425  6884414   7.8600  61.9067 1985                 07     19     20       2.6
 15720   125425  6884414   7.8600  61.9067 1985                 07     28     13       3.0
 15720   125425  6884414   7.8600  61.9067 1985                 08     25     09       4.2
 15720   125425  6884414   7.8600  61.9067 1985                 08     25     11       6.4
 15720   125425  6884414   7.8600  61.9067 1986                 05     21     13       2.6
 15720   125425  6884414   7.8600  61.9067 1986                 05     23     21       3.6
 15720   125425  6884414   7.8600  61.9067 1986                 06     08     08       2.4
 15720   125425  6884414   7.8600  61.9067 1986                 06     19     14       2.8
 15720   125425  6884414   7.8600  61.9067 1986                 06     19     17       5.8
 15720   125425  6884414   7.8600  61.9067 1986                 06     19     18       3.4
 15720   125425  6884414   7.8600  61.9067 1986                 07     29     20       3.2
 15720   125425  6884414   7.8600  61.9067 1986                 07     30     05       2.8
 15720   125425  6884414   7.8600  61.9067 1986                 07     30     06       2.8
 15720   125425  6884414   7.8600  61.9067 1986                 09     28     08       3.4
 15720   125425  6884414   7.8600  61.9067 1987                 06     23     13       2.8
 15720   125425  6884414   7.8600  61.9067 1987                 06     23     14       4.4
 15720   125425  6884414   7.8600  61.9067 1987                 07     06     06       3.2
 15720   125425  6884414   7.8600  61.9067 1987                 07     12     19       4.2
 15720   125425  6884414   7.8600  61.9067 1987                 08     06     12       3.2
 15720   125425  6884414   7.8600  61.9067 1987                 08     06     13       2.6
 15720   125425  6884414   7.8600  61.9067 1987                 08     27     23       2.6
 15720   125425  6884414   7.8600  61.9067 1987                 09     18     11       3.4
 15720   125425  6884414   7.8600  61.9067 1987                 10     09     08       3.6
 15720   125425  6884414   7.8600  61.9067 1987                 10     11     20       2.6



