
  STNR     EAST    NORTH      LON      LAT YEAR                 MONTH  DAY    TIME    RR_1
------ -------- -------- -------- -------- -------------------- ------ ------ ------ -----
 40140    70940  6575336   7.5000  59.1000 1971                 07     24     14       3.2
 40140    70940  6575336   7.5000  59.1000 1971                 07     24     15       4.8
 40140    70940  6575336   7.5000  59.1000 1971                 07     27     00       5.0
 40140    70940  6575336   7.5000  59.1000 1971                 07     30     05       3.8
 40140    70940  6575336   7.5000  59.1000 1971                 07     30     18       3.4
 40140    70940  6575336   7.5000  59.1000 1971                 08     04     12       4.2
 40140    70940  6575336   7.5000  59.1000 1971                 08     05     08       5.2
 40140    70940  6575336   7.5000  59.1000 1971                 08     05     09       5.6
 40140    70940  6575336   7.5000  59.1000 1971                 08     06     00       3.6
 40140    70940  6575336   7.5000  59.1000 1971                 08     06     01       3.4
 40140    70940  6575336   7.5000  59.1000 1972                 06     05     22       5.0
 40140    70940  6575336   7.5000  59.1000 1972                 07     30     21      11.7
 40140    70940  6575336   7.5000  59.1000 1972                 07     31     07      11.7
 40140    70940  6575336   7.5000  59.1000 1972                 08     07     07       5.4
 40140    70940  6575336   7.5000  59.1000 1972                 08     07     14       5.6
 40140    70940  6575336   7.5000  59.1000 1972                 08     08     23       6.2
 40140    70940  6575336   7.5000  59.1000 1972                 08     09     01       7.8
 40140    70940  6575336   7.5000  59.1000 1972                 09     09     17       5.4
 40140    70940  6575336   7.5000  59.1000 1972                 10     23     10       7.0
 40140    70940  6575336   7.5000  59.1000 1972                 10     23     11      10.4
 40140    70940  6575336   7.5000  59.1000 1973                 05     24     17      10.8
 40140    70940  6575336   7.5000  59.1000 1973                 05     31     06       5.8
 40140    70940  6575336   7.5000  59.1000 1973                 05     31     07       5.8
 40140    70940  6575336   7.5000  59.1000 1973                 05     31     09       6.8
 40140    70940  6575336   7.5000  59.1000 1973                 05     31     21       4.2
 40140    70940  6575336   7.5000  59.1000 1973                 07     07     19      14.9
 40140    70940  6575336   7.5000  59.1000 1973                 07     17     19       4.8
 40140    70940  6575336   7.5000  59.1000 1973                 08     06     14       4.2
 40140    70940  6575336   7.5000  59.1000 1973                 08     06     15       4.4
 40140    70940  6575336   7.5000  59.1000 1973                 09     28     14       6.2
 40140    70940  6575336   7.5000  59.1000 1974                 08     27     04       6.2
 40140    70940  6575336   7.5000  59.1000 1974                 08     27     13       5.2
 40140    70940  6575336   7.5000  59.1000 1974                 09     02     04       9.8
 40140    70940  6575336   7.5000  59.1000 1974                 09     03     09       5.8
 40140    70940  6575336   7.5000  59.1000 1974                 09     03     10       4.4
 40140    70940  6575336   7.5000  59.1000 1974                 09     03     18       5.2
 40140    70940  6575336   7.5000  59.1000 1974                 09     07     23       4.0
 40140    70940  6575336   7.5000  59.1000 1974                 09     08     01       4.2
 40140    70940  6575336   7.5000  59.1000 1974                 09     16     06       4.8
 40140    70940  6575336   7.5000  59.1000 1974                 09     28     17       6.0
 40140    70940  6575336   7.5000  59.1000 1975                 07     15     01       3.6
 40140    70940  6575336   7.5000  59.1000 1975                 08     16     03       4.0
 40140    70940  6575336   7.5000  59.1000 1975                 08     16     05       5.4
 40140    70940  6575336   7.5000  59.1000 1975                 08     16     19       4.0
 40140    70940  6575336   7.5000  59.1000 1975                 09     11     13       4.2
 40140    70940  6575336   7.5000  59.1000 1975                 09     18     11       5.6
 40140    70940  6575336   7.5000  59.1000 1975                 09     21     09       4.2
 40140    70940  6575336   7.5000  59.1000 1975                 09     30     14       6.4
 40140    70940  6575336   7.5000  59.1000 1975                 09     30     15       4.0
 40140    70940  6575336   7.5000  59.1000 1975                 10     01     07       4.8
 40140    70940  6575336   7.5000  59.1000 1976                 07     10     13       3.2
 40140    70940  6575336   7.5000  59.1000 1976                 07     16     18       6.0
 40140    70940  6575336   7.5000  59.1000 1976                 07     17     05       4.0
 40140    70940  6575336   7.5000  59.1000 1976                 07     24     19       4.0
 40140    70940  6575336   7.5000  59.1000 1976                 10     05     07       4.0
 40140    70940  6575336   7.5000  59.1000 1976                 10     05     08       6.0
 40140    70940  6575336   7.5000  59.1000 1976                 10     05     09       3.8
 40140    70940  6575336   7.5000  59.1000 1976                 10     12     12       4.2
 40140    70940  6575336   7.5000  59.1000 1976                 10     13     00       4.2
 40140    70940  6575336   7.5000  59.1000 1976                 10     13     02       3.2
 40140    70940  6575336   7.5000  59.1000 1977                 08     03     17       4.4
 40140    70940  6575336   7.5000  59.1000 1977                 08     26     05       4.2
 40140    70940  6575336   7.5000  59.1000 1977                 08     26     06       4.2
 40140    70940  6575336   7.5000  59.1000 1977                 09     06     17       6.0
 40140    70940  6575336   7.5000  59.1000 1977                 09     06     18       4.2
 40140    70940  6575336   7.5000  59.1000 1977                 09     06     19       4.0
 40140    70940  6575336   7.5000  59.1000 1977                 09     12     07       5.2
 40140    70940  6575336   7.5000  59.1000 1977                 09     28     13       5.2
 40140    70940  6575336   7.5000  59.1000 1977                 10     31     19       4.2
 40140    70940  6575336   7.5000  59.1000 1977                 10     31     20       4.2
 40140    70940  6575336   7.5000  59.1000 1978                 06     06     03       7.4
 40140    70940  6575336   7.5000  59.1000 1978                 07     01     15       5.2
 40140    70940  6575336   7.5000  59.1000 1978                 07     03     23      11.2
 40140    70940  6575336   7.5000  59.1000 1978                 07     11     17      12.1
 40140    70940  6575336   7.5000  59.1000 1978                 08     05     16       6.0
 40140    70940  6575336   7.5000  59.1000 1978                 08     05     19       5.8
 40140    70940  6575336   7.5000  59.1000 1978                 08     15     19       5.2
 40140    70940  6575336   7.5000  59.1000 1978                 08     15     20       6.0
 40140    70940  6575336   7.5000  59.1000 1978                 08     15     21       4.4
 40140    70940  6575336   7.5000  59.1000 1978                 09     10     10       6.4
 40140    70940  6575336   7.5000  59.1000 1979                 05     27     02       5.0
 40140    70940  6575336   7.5000  59.1000 1979                 07     31     16       5.2
 40140    70940  6575336   7.5000  59.1000 1979                 08     09     05       6.6
 40140    70940  6575336   7.5000  59.1000 1979                 08     14     11       6.8
 40140    70940  6575336   7.5000  59.1000 1979                 08     14     18      12.8
 40140    70940  6575336   7.5000  59.1000 1979                 08     14     20       9.2
 40140    70940  6575336   7.5000  59.1000 1979                 08     17     14       8.8
 40140    70940  6575336   7.5000  59.1000 1979                 08     17     15       7.6
 40140    70940  6575336   7.5000  59.1000 1979                 08     19     02       5.4
 40140    70940  6575336   7.5000  59.1000 1979                 09     03     00       5.8
 40140    70940  6575336   7.5000  59.1000 1980                 06     10     16       5.6
 40140    70940  6575336   7.5000  59.1000 1980                 06     10     17       8.8
 40140    70940  6575336   7.5000  59.1000 1980                 07     03     17       5.0
 40140    70940  6575336   7.5000  59.1000 1980                 07     03     20       5.6
 40140    70940  6575336   7.5000  59.1000 1980                 07     12     21      17.4
 40140    70940  6575336   7.5000  59.1000 1980                 08     05     11       5.0
 40140    70940  6575336   7.5000  59.1000 1980                 08     08     05       4.2
 40140    70940  6575336   7.5000  59.1000 1980                 08     24     03       4.2
 40140    70940  6575336   7.5000  59.1000 1980                 09     17     11       4.8
 40140    70940  6575336   7.5000  59.1000 1980                 10     07     05       4.4
 40140    70940  6575336   7.5000  59.1000 1981                 06     03     13       5.4
 40140    70940  6575336   7.5000  59.1000 1981                 06     17     21       6.2
 40140    70940  6575336   7.5000  59.1000 1981                 07     11     15      10.4
 40140    70940  6575336   7.5000  59.1000 1981                 07     11     16       9.0
 40140    70940  6575336   7.5000  59.1000 1981                 07     12     05       6.6
 40140    70940  6575336   7.5000  59.1000 1981                 07     12     08       7.0
 40140    70940  6575336   7.5000  59.1000 1981                 07     12     12      10.6
 40140    70940  6575336   7.5000  59.1000 1981                 07     24     16       6.8
 40140    70940  6575336   7.5000  59.1000 1981                 10     03     21       5.8
 40140    70940  6575336   7.5000  59.1000 1981                 10     07     09       6.2


