
  STNR     EAST    NORTH      LON      LAT YEAR                 MONTH  DAY    TIME    RR_1
------ -------- -------- -------- -------- -------------------- ------ ------ ------ -----
 89350   641289  7664878  18.5437  69.0577 1969                 08     19     06       1.2
 89350   641289  7664878  18.5437  69.0577 1969                 08     19     16       1.6
 89350   641289  7664878  18.5437  69.0577 1969                 08     20     02       2.4
 89350   641289  7664878  18.5437  69.0577 1969                 08     20     03       1.2
 89350   641289  7664878  18.5437  69.0577 1969                 08     21     01       1.4
 89350   641289  7664878  18.5437  69.0577 1969                 08     28     18       1.6
 89350   641289  7664878  18.5437  69.0577 1969                 09     06     13       2.2
 89350   641289  7664878  18.5437  69.0577 1969                 09     11     17       1.4
 89350   641289  7664878  18.5437  69.0577 1969                 09     11     18       2.0
 89350   641289  7664878  18.5437  69.0577 1969                 09     21     15       1.6
 89350   641289  7664878  18.5437  69.0577 1970                 07     22     02       9.6
 89350   641289  7664878  18.5437  69.0577 1970                 07     22     03      10.0
 89350   641289  7664878  18.5437  69.0577 1970                 07     22     04       2.4
 89350   641289  7664878  18.5437  69.0577 1970                 08     05     15       2.2
 89350   641289  7664878  18.5437  69.0577 1970                 08     06     13       8.3
 89350   641289  7664878  18.5437  69.0577 1970                 08     06     14       2.4
 89350   641289  7664878  18.5437  69.0577 1970                 09     02     10       2.6
 89350   641289  7664878  18.5437  69.0577 1970                 09     02     11       2.2
 89350   641289  7664878  18.5437  69.0577 1970                 09     02     15       3.0
 89350   641289  7664878  18.5437  69.0577 1970                 09     02     18       2.6
 89350   641289  7664878  18.5437  69.0577 1971                 07     09     15       2.8
 89350   641289  7664878  18.5437  69.0577 1971                 07     21     15       2.6
 89350   641289  7664878  18.5437  69.0577 1971                 08     03     20       2.8
 89350   641289  7664878  18.5437  69.0577 1971                 08     07     20       7.2
 89350   641289  7664878  18.5437  69.0577 1971                 08     07     21       2.8
 89350   641289  7664878  18.5437  69.0577 1971                 08     07     23       3.2
 89350   641289  7664878  18.5437  69.0577 1971                 08     08     01       3.0
 89350   641289  7664878  18.5437  69.0577 1971                 08     25     18       3.0
 89350   641289  7664878  18.5437  69.0577 1971                 09     20     02       3.8
 89350   641289  7664878  18.5437  69.0577 1971                 09     28     04       3.8
 89350   641289  7664878  18.5437  69.0577 1973                 06     28     15       2.8
 89350   641289  7664878  18.5437  69.0577 1973                 06     28     16       3.0
 89350   641289  7664878  18.5437  69.0577 1973                 07     17     14       2.8
 89350   641289  7664878  18.5437  69.0577 1973                 07     17     22       2.2
 89350   641289  7664878  18.5437  69.0577 1973                 07     24     17      11.5
 89350   641289  7664878  18.5437  69.0577 1973                 07     24     18       3.8
 89350   641289  7664878  18.5437  69.0577 1973                 07     31     18       6.0
 89350   641289  7664878  18.5437  69.0577 1973                 07     31     19       2.2
 89350   641289  7664878  18.5437  69.0577 1973                 08     18     17       3.6
 89350   641289  7664878  18.5437  69.0577 1973                 09     13     09       3.2
 89350   641289  7664878  18.5437  69.0577 1974                 07     12     15       3.2
 89350   641289  7664878  18.5437  69.0577 1974                 07     21     20       3.0
 89350   641289  7664878  18.5437  69.0577 1974                 08     23     14       2.4
 89350   641289  7664878  18.5437  69.0577 1974                 08     28     03       2.2
 89350   641289  7664878  18.5437  69.0577 1974                 09     04     15       4.6
 89350   641289  7664878  18.5437  69.0577 1974                 09     04     16       4.2
 89350   641289  7664878  18.5437  69.0577 1974                 09     09     23       2.8
 89350   641289  7664878  18.5437  69.0577 1974                 09     10     01       3.8
 89350   641289  7664878  18.5437  69.0577 1974                 09     18     07       4.0
 89350   641289  7664878  18.5437  69.0577 1974                 09     18     08       5.8
 89350   641289  7664878  18.5437  69.0577 1975                 06     08     02       4.0
 89350   641289  7664878  18.5437  69.0577 1975                 06     16     19       2.2
 89350   641289  7664878  18.5437  69.0577 1975                 08     07     17       2.4
 89350   641289  7664878  18.5437  69.0577 1975                 08     07     22       2.0
 89350   641289  7664878  18.5437  69.0577 1975                 08     08     00       3.6
 89350   641289  7664878  18.5437  69.0577 1975                 08     11     03       3.2
 89350   641289  7664878  18.5437  69.0577 1975                 08     11     04       2.6
 89350   641289  7664878  18.5437  69.0577 1975                 08     27     11       3.2
 89350   641289  7664878  18.5437  69.0577 1975                 10     02     12       2.4
 89350   641289  7664878  18.5437  69.0577 1975                 10     11     22       2.2
 89350   641289  7664878  18.5437  69.0577 1976                 06     25     23       2.6
 89350   641289  7664878  18.5437  69.0577 1976                 07     04     13       3.2
 89350   641289  7664878  18.5437  69.0577 1976                 07     18     07       2.0
 89350   641289  7664878  18.5437  69.0577 1976                 07     21     03       3.4
 89350   641289  7664878  18.5437  69.0577 1976                 07     21     07       2.4
 89350   641289  7664878  18.5437  69.0577 1976                 08     01     20       2.0
 89350   641289  7664878  18.5437  69.0577 1976                 09     01     14       2.2
 89350   641289  7664878  18.5437  69.0577 1976                 09     06     19       2.0
 89350   641289  7664878  18.5437  69.0577 1976                 09     27     05       2.0
 89350   641289  7664878  18.5437  69.0577 1976                 09     30     21       5.2
 89350   641289  7664878  18.5437  69.0577 1977                 06     11     19       2.6
 89350   641289  7664878  18.5437  69.0577 1977                 06     11     20       4.8
 89350   641289  7664878  18.5437  69.0577 1977                 07     25     03       1.6
 89350   641289  7664878  18.5437  69.0577 1977                 07     31     05       1.8
 89350   641289  7664878  18.5437  69.0577 1977                 08     07     02       2.4
 89350   641289  7664878  18.5437  69.0577 1977                 08     07     03       7.0
 89350   641289  7664878  18.5437  69.0577 1977                 08     07     05       2.0
 89350   641289  7664878  18.5437  69.0577 1977                 08     25     03       1.6
 89350   641289  7664878  18.5437  69.0577 1977                 09     06     04       1.6
 89350   641289  7664878  18.5437  69.0577 1977                 10     11     04       1.8
 89350   641289  7664878  18.5437  69.0577 1978                 07     31     17       2.4
 89350   641289  7664878  18.5437  69.0577 1978                 07     31     18       3.2
 89350   641289  7664878  18.5437  69.0577 1978                 07     31     20       2.0
 89350   641289  7664878  18.5437  69.0577 1978                 08     10     00       1.8
 89350   641289  7664878  18.5437  69.0577 1978                 08     18     07       2.4
 89350   641289  7664878  18.5437  69.0577 1978                 08     18     08       2.0
 89350   641289  7664878  18.5437  69.0577 1978                 08     19     03       1.6
 89350   641289  7664878  18.5437  69.0577 1978                 10     14     06       1.6
 89350   641289  7664878  18.5437  69.0577 1978                 10     14     19       3.2
 89350   641289  7664878  18.5437  69.0577 1978                 10     14     20       1.8
 89350   641289  7664878  18.5437  69.0577 1979                 06     28     17       1.6
 89350   641289  7664878  18.5437  69.0577 1979                 07     01     17       2.0
 89350   641289  7664878  18.5437  69.0577 1979                 08     02     23       1.4
 89350   641289  7664878  18.5437  69.0577 1979                 08     03     06       1.6
 89350   641289  7664878  18.5437  69.0577 1979                 08     20     19      10.8
 89350   641289  7664878  18.5437  69.0577 1979                 08     24     06       1.6
 89350   641289  7664878  18.5437  69.0577 1979                 08     29     00       1.4
 89350   641289  7664878  18.5437  69.0577 1979                 09     01     09       1.4
 89350   641289  7664878  18.5437  69.0577 1979                 09     09     04       3.2
 89350   641289  7664878  18.5437  69.0577 1979                 10     03     12       1.6
 89350   641289  7664878  18.5437  69.0577 1980                 06     02     23       2.2
 89350   641289  7664878  18.5437  69.0577 1980                 06     03     00       2.8
 89350   641289  7664878  18.5437  69.0577 1980                 06     03     16       2.4
 89350   641289  7664878  18.5437  69.0577 1980                 06     03     18       3.0
 89350   641289  7664878  18.5437  69.0577 1980                 06     07     03       2.2
 89350   641289  7664878  18.5437  69.0577 1980                 06     23     00       5.0
 89350   641289  7664878  18.5437  69.0577 1980                 06     23     17       2.6
 89350   641289  7664878  18.5437  69.0577 1980                 07     22     16       3.4
 89350   641289  7664878  18.5437  69.0577 1980                 08     26     12       2.2
 89350   641289  7664878  18.5437  69.0577 1980                 09     28     22       2.2
 89350   641289  7664878  18.5437  69.0577 1981                 07     02     21       4.6
 89350   641289  7664878  18.5437  69.0577 1981                 07     02     22       7.0
 89350   641289  7664878  18.5437  69.0577 1981                 07     02     23       4.4
 89350   641289  7664878  18.5437  69.0577 1981                 07     05     04       3.0
 89350   641289  7664878  18.5437  69.0577 1981                 07     10     22       4.2
 89350   641289  7664878  18.5437  69.0577 1981                 07     19     13       2.6
 89350   641289  7664878  18.5437  69.0577 1981                 07     24     07       3.2
 89350   641289  7664878  18.5437  69.0577 1981                 07     28     00       3.0
 89350   641289  7664878  18.5437  69.0577 1981                 08     01     00       3.4
 89350   641289  7664878  18.5437  69.0577 1981                 08     02     19       2.8
 89350   641289  7664878  18.5437  69.0577 1982                 07     09     03       2.6
 89350   641289  7664878  18.5437  69.0577 1982                 07     18     07       2.8
 89350   641289  7664878  18.5437  69.0577 1982                 07     18     08       3.4
 89350   641289  7664878  18.5437  69.0577 1982                 07     18     10       3.8
 89350   641289  7664878  18.5437  69.0577 1982                 08     10     08       2.4
 89350   641289  7664878  18.5437  69.0577 1982                 08     14     18       3.6
 89350   641289  7664878  18.5437  69.0577 1982                 08     15     20       3.2
 89350   641289  7664878  18.5437  69.0577 1982                 09     22     16       3.6
 89350   641289  7664878  18.5437  69.0577 1982                 09     22     17       3.2
 89350   641289  7664878  18.5437  69.0577 1982                 09     22     18       2.8
 89350   641289  7664878  18.5437  69.0577 1983                 05     23     20       2.6
 89350   641289  7664878  18.5437  69.0577 1983                 07     20     03       2.0
 89350   641289  7664878  18.5437  69.0577 1983                 08     09     19       3.2
 89350   641289  7664878  18.5437  69.0577 1983                 08     22     15       4.0
 89350   641289  7664878  18.5437  69.0577 1983                 08     24     09       2.8
 89350   641289  7664878  18.5437  69.0577 1983                 08     27     16       2.0
 89350   641289  7664878  18.5437  69.0577 1983                 08     31     03       3.2
 89350   641289  7664878  18.5437  69.0577 1983                 08     31     04       3.0
 89350   641289  7664878  18.5437  69.0577 1983                 08     31     14       2.6
 89350   641289  7664878  18.5437  69.0577 1983                 09     17     06       2.2
 89350   641289  7664878  18.5437  69.0577 1984                 06     09     10       2.8
 89350   641289  7664878  18.5437  69.0577 1984                 06     27     00       3.0
 89350   641289  7664878  18.5437  69.0577 1984                 07     13     19      12.6
 89350   641289  7664878  18.5437  69.0577 1984                 07     30     05       5.0
 89350   641289  7664878  18.5437  69.0577 1984                 08     06     00       3.8
 89350   641289  7664878  18.5437  69.0577 1984                 08     07     18       4.8
 89350   641289  7664878  18.5437  69.0577 1984                 08     07     19       5.2
 89350   641289  7664878  18.5437  69.0577 1984                 08     07     20       8.2
 89350   641289  7664878  18.5437  69.0577 1984                 08     07     21       3.6
 89350   641289  7664878  18.5437  69.0577 1984                 08     16     04       3.6
 89350   641289  7664878  18.5437  69.0577 1985                 06     02     02       2.4
 89350   641289  7664878  18.5437  69.0577 1985                 07     21     07       5.6
 89350   641289  7664878  18.5437  69.0577 1985                 08     13     07       4.8
 89350   641289  7664878  18.5437  69.0577 1985                 08     13     08       2.6
 89350   641289  7664878  18.5437  69.0577 1985                 09     16     18       3.0
 89350   641289  7664878  18.5437  69.0577 1985                 09     16     19       4.0
 89350   641289  7664878  18.5437  69.0577 1985                 09     17     04       2.6
 89350   641289  7664878  18.5437  69.0577 1985                 09     21     12       3.0
 89350   641289  7664878  18.5437  69.0577 1985                 09     23     09       3.0
 89350   641289  7664878  18.5437  69.0577 1985                 10     04     15       2.4
 89350   641289  7664878  18.5437  69.0577 1986                 05     23     04       1.4
 89350   641289  7664878  18.5437  69.0577 1986                 05     23     06       2.8
 89350   641289  7664878  18.5437  69.0577 1986                 06     13     00       3.6
 89350   641289  7664878  18.5437  69.0577 1986                 07     10     18       1.6
 89350   641289  7664878  18.5437  69.0577 1986                 07     11     02       2.0
 89350   641289  7664878  18.5437  69.0577 1986                 08     02     20       3.0
 89350   641289  7664878  18.5437  69.0577 1986                 08     02     21       3.0
 89350   641289  7664878  18.5437  69.0577 1986                 08     02     23       2.8
 89350   641289  7664878  18.5437  69.0577 1986                 08     06     04       2.2
 89350   641289  7664878  18.5437  69.0577 1986                 09     07     08       1.4
 89350   641289  7664878  18.5437  69.0577 1987                 06     12     06       1.0
 89350   641289  7664878  18.5437  69.0577 1987                 06     18     02        .8
 89350   641289  7664878  18.5437  69.0577 1987                 06     18     03       1.0
 89350   641289  7664878  18.5437  69.0577 1987                 06     18     06        .8
 89350   641289  7664878  18.5437  69.0577 1987                 06     18     07       1.0
 89350   641289  7664878  18.5437  69.0577 1987                 06     18     12        .8
 89350   641289  7664878  18.5437  69.0577 1987                 07     07     11       1.2
 89350   641289  7664878  18.5437  69.0577 1987                 07     07     12       1.6
 89350   641289  7664878  18.5437  69.0577 1987                 07     09     15       2.0
 89350   641289  7664878  18.5437  69.0577 1987                 07     22     02       1.0



