Gridded monthly values for the period 1.1967 - 10.2014

UTM coordinates: 125425 E, 6884414 N

Elevation of grid point: 560 meters above sea level

Real elevation: NA meters above sea level

Elements:	Mean temperature in *C (TAM)
		Accumulated precipitation in mm (RR)


Year	Month	TAM	RR 
1967	1	-9.7	93 
1967	2	-6.1	137 
1967	3	-2.6	215 
1967	4	-1.8	40 
1967	5	3.1	44 
1967	6	7.8	28 
1967	7	9.5	36 
1967	8	10.2	49 
1967	9	6.9	16 
1967	10	1.3	153 
1967	11	-0.8	127 
1967	12	-6.7	262 
1968	1	-9.4	95 
1968	2	-8.9	49 
1968	3	-4.4	123 
1968	4	-0.9	11 
1968	5	2.8	26 
1968	6	9.5	43 
1968	7	10.7	39 
1968	8	11.1	13 
1968	9	7.2	50 
1968	10	0.3	121 
1968	11	-8.5	34 
1968	12	-7.7	26 
1969	1	-8.5	79 
1969	2	-13.8	20 
1969	3	-9.1	36 
1969	4	0.1	14 
1969	5	5.3	33 
1969	6	11.5	20 
1969	7	10.9	46 
1969	8	13.7	43 
1969	9	6	114 
1969	10	2.9	132 
1969	11	-6.2	99 
1969	12	-10.3	34 
1970	1	-11.7	60 
1970	2	-12.1	38 
1970	3	-6.7	15 
1970	4	-3.5	3 
1970	5	6	6 
1970	6	12.7	20 
1970	7	9.5	74 
1970	8	11	15 
1970	9	4.8	65 
1970	10	1.7	91 
1970	11	-6.2	92 
1970	12	-4.8	73 
1971	1	-5.8	96 
1971	2	-4.1	58 
1971	3	-7.1	55 
1971	4	-1.1	40 
1971	5	5.5	14 
1971	6	8.2	59 
1971	7	10.4	58 
1971	8	10.1	17 
1971	9	6	47 
1971	10	1.8	169 
1971	11	-4.4	193 
1971	12	-1.5	243 
1972	1	-12.9	14 
1972	2	-10.5	20 
1972	3	-4.3	67 
1972	4	-0.6	18 
1972	5	5.7	14 
1972	6	9.2	83 
1972	7	13.3	38 
1972	8	9.4	70 
1972	9	4.4	27 
1972	10	2.1	83 
1972	11	-2.7	158 
1972	12	-2.6	78 
1973	1	-3.2	49 
1973	2	-6.3	99 
1973	3	-0.4	40 
1973	4	-2.8	21 
1973	5	4.2	39 
1973	6	8.9	34 
1973	7	12.6	62 
1973	8	9.1	36 
1973	9	5	82 
1973	10	0.2	36 
1973	11	-5.1	165 
1973	12	-5.6	216 
1974	1	-2.7	93 
1974	2	-4.6	37 
1974	3	-5.6	0 
1974	4	1.6	3 
1974	5	5.7	24 
1974	6	9.1	51 
1974	7	9	93 
1974	8	9.5	78 
1974	9	6.3	63 
1974	10	-0.1	20 
1974	11	-5.5	47 
1974	12	-3.8	177 
1975	1	-4	329 
1975	2	-3.2	13 
1975	3	-5.4	25 
1975	4	-2.7	35 
1975	5	4.4	30 
1975	6	7.3	28 
1975	7	12	38 
1975	8	12.2	19 
1975	9	6.3	102 
1975	10	1.6	101 
1975	11	-1.1	54 
1975	12	-2.4	416 
1976	1	-8.4	161 
1976	2	-6.9	150 
1976	3	-8.2	94 
1976	4	-1.9	23 
1976	5	5.9	36 
1976	6	8.7	51 
1976	7	11.3	64 
1976	8	11.2	27 
1976	9	3.4	51 
1976	10	0.4	24 
1976	11	-3.1	69 
1976	12	-9.1	16 
1977	1	-12.1	43 
1977	2	-12.6	15 
1977	3	-2.8	40 
1977	4	-3.3	7 
1977	5	5.2	19 
1977	6	8.7	38 
1977	7	10.8	54 
1977	8	10.1	38 
1977	9	4.1	57 
1977	10	3.1	69 
1977	11	-2	64 
1977	12	-4.1	76 
1978	1	-7.1	93 
1978	2	-12.3	48 
1978	3	-5.5	29 
1978	4	-2	13 
1978	5	5.2	13 
1978	6	10.4	47 
1978	7	10.7	43 
1978	8	10.4	61 
1978	9	4.3	72 
1978	10	2.8	110 
1978	11	-1.3	252 
1978	12	-14.8	13 
1979	1	-15.5	52 
1979	2	-10.1	27 
1979	3	-4.9	148 
1979	4	-1.1	10 
1979	5	2.4	56 
1979	6	10.7	31 
1979	7	9.7	72 
1979	8	9	97 
1979	9	5	114 
1979	10	-0.5	45 
1979	11	-5.3	120 
1979	12	-9.6	103 
1980	1	-10.5	27 
1980	2	-11.5	19 
1980	3	-7.7	32 
1980	4	0.2	26 
1980	5	5.9	8 
1980	6	11.3	60 
1980	7	12.2	107 
1980	8	10.1	64 
1980	9	6.3	84 
1980	10	-1.6	107 
1980	11	-8.4	144 
1980	12	-5.7	228 
1981	1	-7.6	182 
1981	2	-9.2	66 
1981	3	-7.4	85 
1981	4	-1.5	35 
1981	5	5.6	19 
1981	6	7.6	39 
1981	7	10.6	47 
1981	8	9.2	29 
1981	9	7.3	39 
1981	10	0	53 
1981	11	-5.2	208 
1981	12	-14.8	86 
1982	1	-11.1	95 
1982	2	-5.7	33 
1982	3	-2.4	21 
1982	4	0.1	46 
1982	5	4.3	24 
1982	6	8.3	5 
1982	7	12	26 
1982	8	10.6	39 
1982	9	5.6	110 
1982	10	1.8	51 
1982	11	-3.4	170 
1982	12	-5.6	89 
1983	1	-3.7	370 
1983	2	-7.6	25 
1983	3	-4.3	104 
1983	4	-1	49 
1983	5	5.3	41 
1983	6	8	13 
1983	7	11.3	19 
1983	8	10	64 
1983	9	6.3	93 
1983	10	1.5	165 
1983	11	-1.6	200 
1983	12	-5.1	108 
1984	1	-12	175 
1984	2	-7	26 
1984	3	-8	48 
1984	4	1.1	32 
1984	5	6.2	12 
1984	6	9.1	30 
1984	7	10.7	45 
1984	8	10.9	53 
1984	9	4.9	32 
1984	10	2.2	118 
1984	11	-3.1	86 
1984	12	-4.7	87 
1985	1	-10.2	56 
1985	2	-10.3	85 
1985	3	-5.8	39 
1985	4	-2.3	19 
1985	5	5.8	14 
1985	6	9.6	52 
1985	7	11.1	84 
1985	8	9.6	86 
1985	9	3.5	109 
1985	10	5	103 
1985	11	-8.6	39 
1985	12	-10.7	138 
1986	1	-13.6	58 
1986	2	-13.3	2 
1986	3	-2.9	51 
1986	4	-3.5	14 
1986	5	5.5	52 
1986	6	11.5	57 
1986	7	11.1	43 
1986	8	8.3	78 
1986	9	3.4	47 
1986	10	2.4	56 
1986	11	-0.8	130 
1986	12	-6.9	186 
1987	1	-14.2	85 
1987	2	-6.6	73 
1987	3	-10.6	22 
1987	4	0.9	26 
1987	5	4.2	12 
1987	6	7.7	88 
1987	7	10.7	34 
1987	8	8.5	73 
1987	9	4.3	56 
1987	10	2.5	81 
1987	11	-3.3	40 
1987	12	-4.2	103 
1988	1	-5.7	72 
1988	2	-6.9	68 
1988	3	-8	32 
1988	4	-2.9	83 
1988	5	6.2	17 
1988	6	12.4	22 
1988	7	12.1	95 
1988	8	9.9	64 
1988	9	7.3	95 
1988	10	0.3	78 
1988	11	-2.4	57 
1988	12	-4.3	284 
1989	1	0	306 
1989	2	-2.6	248 
1989	3	-2.3	58 
1989	4	-0.4	16 
1989	5	4.2	41 
1989	6	8.9	64 
1989	7	10.5	39 
1989	8	8.3	67 
1989	9	6.1	63 
1989	10	2.2	106 
1989	11	-1.3	29 
1989	12	-5.9	69 
1990	1	-5	157 
1990	2	-0.6	177 
1990	3	-1.2	413 
1990	4	-0.1	79 
1990	5	5.6	9 
1990	6	10	21 
1990	7	10.4	50 
1990	8	9.9	61 
1990	9	4.4	39 
1990	10	1	58 
1990	11	-3.7	54 
1990	12	-3.5	99 
1991	1	-6	45 
1991	2	-10.4	36 
1991	3	-2.2	45 
1991	4	0.1	51 
1991	5	3.7	19 
1991	6	6.9	62 
1991	7	12.8	36 
1991	8	11.3	20 
1991	9	5.7	81 
1991	10	0.1	40 
1991	11	-2.1	60 
1991	12	-2.6	202 
1992	1	-1.3	246 
1992	2	-2.8	73 
1992	3	-1.8	50 
1992	4	-1.9	29 
1992	5	6.6	28 
1992	6	11	11 
1992	7	9.8	55 
1992	8	8.3	82 
1992	9	6	44 
1992	10	-3.7	45 
1992	11	-5.2	105 
1992	12	-3.9	238 
1993	1	-4.4	401 
1993	2	-3.1	168 
1993	3	-4.5	94 
1993	4	-1	18 
1993	5	6.2	44 
1993	6	7.1	10 
1993	7	10	77 
1993	8	7.8	59 
1993	9	3.4	16 
1993	10	0.4	51 
1993	11	-8.1	8 
1993	12	-10.6	121 
1994	1	-9.3	252 
1994	2	-15	12 
1994	3	-5.6	113 
1994	4	0.3	41 
1994	5	4	19 
1994	6	6.9	43 
1994	7	13.7	24 
1994	8	10.3	75 
1994	9	5	30 
1994	10	0.2	66 
1994	11	-1.4	188 
1994	12	-3.7	127 
1995	1	-4.7	60 
1995	2	-5.1	210 
1995	3	-4.6	63 
1995	4	-1.4	55 
1995	5	3.6	20 
1995	6	9.6	77 
1995	7	10.6	30 
1995	8	10.9	33 
1995	9	6.5	62 
1995	10	3.7	169 
1995	11	-5.3	83 
1995	12	-8.7	49 
1996	1	-10	9 
1996	2	-10	70 
1996	3	-6.4	24 
1996	4	0.6	35 
1996	5	3.2	45 
1996	6	8.6	58 
1996	7	9.2	110 
1996	8	12.4	49 
1996	9	4.6	29 
1996	10	2.7	54 
1996	11	-7.8	80 
1996	12	-7	32 
1997	1	-4.4	103 
1997	2	-5.6	170 
1997	3	-3.4	160 
1997	4	-2.2	151 
1997	5	2.8	38 
1997	6	9.9	36 
1997	7	13.3	46 
1997	8	13.6	47 
1997	9	6.3	81 
1997	10	0.2	76 
1997	11	-3.7	25 
1997	12	-6.6	69 
1998	1	-4.6	108 
1998	2	-2.6	223 
1998	3	-5.3	121 
1998	4	-0.8	26 
1998	5	4.8	37 
1998	6	8.4	72 
1998	7	10.1	110 
1998	8	8.8	89 
1998	9	8.3	56 
1998	10	0.1	137 
1998	11	-6.8	27 
1998	12	-5.4	145 
1999	1	-6.3	106 
1999	2	-4.2	202 
1999	3	-3.4	45 
1999	4	1.9	50 
1999	5	4.1	33 
1999	6	9	72 
1999	7	11.8	40 
1999	8	10.8	11 
1999	9	9.4	54 
1999	10	1.1	56 
1999	11	1.4	152 
1999	12	-9.1	147 
2000	1	-2.6	217 
2000	2	-4.6	139 
2000	3	-3.2	110 
2000	4	0.9	66 
2000	5	6.7	40 
2000	6	7.2	148 
2000	7	12.1	37 
2000	8	10	53 
2000	9	6.3	52 
2000	10	4.3	38 
2000	11	0.2	44 
2000	12	-4.2	28 
2001	1	-6.9	43 
2001	2	-10.3	62 
2001	3	-8.3	22 
2001	4	-0.6	51 
2001	5	5.9	32 
2001	6	8.7	36 
2001	7	12	68 
2001	8	9.9	68 
2001	9	6.7	31 
2001	10	2.7	81 
2001	11	-1.3	181 
2001	12	-6.2	59 
2002	1	-4	112 
2002	2	-3.4	128 
2002	3	-3.3	149 
2002	4	2.8	6 
2002	5	7.1	33 
2002	6	11	32 
2002	7	12.2	99 
2002	8	14.6	40 
2002	9	7.7	29 
2002	10	-1.5	70 
2002	11	-8.5	70 
2002	12	-10.5	26 
2003	1	-4.4	138 
2003	2	-7.5	12 
2003	3	-1.7	25 
2003	4	1.6	19 
2003	5	4.7	110 
2003	6	10.6	45 
2003	7	14.5	42 
2003	8	11.5	92 
2003	9	6.6	80 
2003	10	0	28 
2003	11	-1.9	38 
2003	12	-3.3	201 
2004	1	-10.5	61 
2004	2	-3.7	121 
2004	3	-3.1	18 
2004	4	2.6	20 
2004	5	5.6	39 
2004	6	9.3	70 
2004	7	10.9	59 
2004	8	12.4	42 
2004	9	7.1	93 
2004	10	0.9	28 
2004	11	-2.5	218 
2004	12	-2.3	135 
2005	1	-1.9	287 
2005	2	-5.5	47 
2005	3	-5.1	57 
2005	4	1.1	47 
2005	5	3.9	45 
2005	6	7.7	51 
2005	7	13.4	27 
2005	8	10	99 
2005	9	7.3	78 
2005	10	3.2	61 
2005	11	0.3	206 
2005	12	-6.2	112 
2006	1	-5.9	59 
2006	2	-4.9	71 
2006	3	-9.1	21 
2006	4	-0.5	23 
2006	5	5.9	31 
2006	6	10.3	37 
2006	7	14.6	63 
2006	8	13.1	78 
2006	9	9.5	40 
2006	10	3.1	103 
2006	11	-0.3	169 
2006	12	1.1	140 
2007	1	-3.9	210 
2007	2	-8.7	49 
2007	3	-0.7	75 
2007	4	1.8	51 
2007	5	5.2	55 
2007	6	11.8	36 
2007	7	12.3	109 
2007	8	11	82 
2007	9	5.2	107 
2007	10	2.7	91 
2007	11	-2.5	202 
2007	12	-5.5	92 
2008	1	-4.7	220 
2008	2	-2.6	134 
2008	3	-4.6	56 
2008	4	1.2	20 
2008	5	6.4	24 
2008	6	9.9	72 
2008	7	13.8	20 
2008	8	10.9	79 
2008	9	6.9	55 
2008	10	2.1	172 
2008	11	-1.9	175 
2008	12	-6.6	115 
2009	1	-4.8	113 
2009	2	-8	63 
2009	3	-3	62 
2009	4	3.4	13 
2009	5	6.7	43 
2009	6	9.6	41 
2009	7	13.1	103 
2009	8	10.9	131 
2009	9	7.8	109 
2009	10	-1.4	52 
2009	11	-2.9	81 
2009	12	-9.7	55 
2010	1	-13.9	21 
2010	2	-12.7	9 
2010	3	-2.6	42 
2010	4	0.5	34 
2010	5	4.4	22 
2010	6	9.3	65 
2010	7	12.9	109 
2010	8	11.7	95 
2010	9	6.1	63 
2010	10	1.7	78 
2010	11	-9.4	11 
2010	12	-13.9	43 
2011	1	-6.1	141 
2011	2	-8.9	57 
2011	3	-3.7	177 
2011	4	3.9	58 
2011	5	6	66 
2011	6	9.9	183 
2011	7	12.9	182 
2011	8	11.3	189 
2011	9	8.1	144 
2011	10	3	157 
2011	11	1.1	181 
2011	12	-5.8	209 
2012	1	-8.2	141 
2012	2	-6.6	75 
2012	3	0.5	68 
2012	4	-1.3	56 
2012	5	5.1	33 
2012	6	8.2	14 
2012	7	11.3	73 
2012	8	10.8	70 
2012	9	5.2	56 
2012	10	-0.6	96 
2012	11	-1.2	75 
2012	12	-12.2	51 
2013	1	-11	44 
2013	2	-8.5	28 
2013	3	-8.3	14 
2013	4	-1.6	51 
2013	5	7	98 
2013	6	10	96 
2013	7	12.9	38 
2013	8	10.9	102 
2013	9	7.3	24 
2013	10	2.5	78 
2013	11	-1.2	120 
2013	12	-1.6	234 
2014	1	-7.9	61 
2014	2	-2.3	72 
2014	3	-0.4	114 
2014	4	2.3	23 
2014	5	6.2	39 
2014	6	10.2	32 
2014	7	15.5	84 
2014	8	11.3	64 
2014	9	8.5	66 
2014	10	3.7	135 
