Gridded monthly values for the period 1.1967 - 10.2014

UTM coordinates: 264179 E, 6645365 N

Elevation of grid point: 167 meters above sea level

Real elevation: NA meters above sea level

Elements:	Mean temperature in *C (TAM)
		Accumulated precipitation in mm (RR)


Year	Month	TAM	RR 
1967	1	-8.3	55 
1967	2	-4.1	63 
1967	3	1.6	59 
1967	4	3.7	34 
1967	5	8.3	103 
1967	6	14.1	68 
1967	7	15.5	50 
1967	8	15.1	103 
1967	9	10.8	63 
1967	10	6.3	161 
1967	11	3.1	111 
1967	12	-4.3	76 
1968	1	-8	46 
1968	2	-6.9	48 
1968	3	-0.9	36 
1968	4	4.8	21 
1968	5	8.5	59 
1968	6	15.5	77 
1968	7	15.2	77 
1968	8	15.6	36 
1968	9	11	75 
1968	10	4.3	113 
1968	11	-3.3	71 
1968	12	-4.5	24 
1969	1	-3.5	93 
1969	2	-8.4	21 
1969	3	-6	6 
1969	4	3.2	71 
1969	5	9.3	59 
1969	6	16.6	30 
1969	7	16.3	97 
1969	8	17.6	40 
1969	9	10.8	65 
1969	10	6.4	22 
1969	11	-2.4	79 
1969	12	-5.1	31 
1970	1	-8.1	24 
1970	2	-12.6	17 
1970	3	-2.8	30 
1970	4	1.1	64 
1970	5	10.8	8 
1970	6	17.5	49 
1970	7	13.9	148 
1970	8	15.3	46 
1970	9	9.5	86 
1970	10	5.8	100 
1970	11	-1.1	154 
1970	12	-1.9	17 
1971	1	-2.9	62 
1971	2	-1.1	38 
1971	3	-3.4	60 
1971	4	3.7	22 
1971	5	10.4	53 
1971	6	13.8	52 
1971	7	16.5	73 
1971	8	14.2	63 
1971	9	10.1	41 
1971	10	6	35 
1971	11	-1.4	87 
1971	12	0.5	32 
1972	1	-6.6	25 
1972	2	-3.8	35 
1972	3	-1.4	40 
1972	4	4	69 
1972	5	10.5	55 
1972	6	13.5	106 
1972	7	17.6	71 
1972	8	14.1	92 
1972	9	8.8	37 
1972	10	5.5	17 
1972	11	0.9	13 
1972	12	1.7	81 
1973	1	-0.5	32 
1973	2	-1.2	54 
1973	3	1.8	12 
1973	4	3	67 
1973	5	9.6	73 
1973	6	14.8	45 
1973	7	17.7	84 
1973	8	14.1	42 
1973	9	9.1	86 
1973	10	2.2	11 
1973	11	-1.3	35 
1973	12	-3.2	56 
1974	1	-0.2	77 
1974	2	-0.2	41 
1974	3	0	40 
1974	4	6.2	0 
1974	5	10.8	23 
1974	6	14.3	51 
1974	7	14.7	70 
1974	8	14.6	64 
1974	9	11.1	201 
1974	10	4.4	87 
1974	11	1.2	111 
1974	12	-0.9	45 
1975	1	0.2	113 
1975	2	-5	23 
1975	3	-0.6	30 
1975	4	3	25 
1975	5	10.6	34 
1975	6	13.5	20 
1975	7	17.5	32 
1975	8	17.7	52 
1975	9	11.2	97 
1975	10	6.3	60 
1975	11	2.3	80 
1975	12	0.5	24 
1976	1	-5.4	30 
1976	2	-3.7	34 
1976	3	-2.8	5 
1976	4	3.8	15 
1976	5	10.5	41 
1976	6	15	26 
1976	7	17.8	26 
1976	8	16.6	16 
1976	9	8.6	44 
1976	10	4.4	197 
1976	11	0.3	104 
1976	12	-4.7	50 
1977	1	-4.4	77 
1977	2	-7.4	24 
1977	3	-0.5	52 
1977	4	1.4	83 
1977	5	10.5	30 
1977	6	14.8	89 
1977	7	15.7	45 
1977	8	14.9	57 
1977	9	8.9	54 
1977	10	6.6	62 
1977	11	1.3	101 
1977	12	-2.3	52 
1978	1	-3	56 
1978	2	-8.3	42 
1978	3	-2.4	101 
1978	4	2.8	17 
1978	5	10.4	11 
1978	6	15.4	42 
1978	7	14.5	125 
1978	8	14.3	80 
1978	9	8	75 
1978	10	5.3	26 
1978	11	3.7	35 
1978	12	-8.2	28 
1979	1	-9	10 
1979	2	-8.5	12 
1979	3	-1.3	118 
1979	4	3.2	79 
1979	5	7.7	62 
1979	6	15.5	37 
1979	7	14.9	87 
1979	8	13.4	94 
1979	9	9.5	69 
1979	10	3.7	77 
1979	11	-0.7	129 
1979	12	-3.7	60 
1980	1	-7.1	20 
1980	2	-9.4	23 
1980	3	-3.7	36 
1980	4	3.9	5 
1980	5	11.3	65 
1980	6	15.3	122 
1980	7	16.4	59 
1980	8	14.6	68 
1980	9	10.7	75 
1980	10	3.9	123 
1980	11	-2.8	40 
1980	12	-2	57 
1981	1	-4.7	16 
1981	2	-4.9	21 
1981	3	-3.6	70 
1981	4	3.4	12 
1981	5	11	67 
1981	6	12.3	83 
1981	7	15.4	122 
1981	8	14.4	15 
1981	9	11.4	77 
1981	10	4.3	88 
1981	11	0.2	114 
1981	12	-9.8	37 
1982	1	-8.8	27 
1982	2	-4.3	43 
1982	3	0.5	82 
1982	4	4.1	36 
1982	5	8.7	96 
1982	6	13.3	47 
1982	7	16.9	45 
1982	8	15.4	90 
1982	9	10.9	92 
1982	10	5.7	78 
1982	11	2.3	149 
1982	12	-1.9	119 
1983	1	0.5	37 
1983	2	-5.6	14 
1983	3	0.6	39 
1983	4	4.5	50 
1983	5	9.8	100 
1983	6	13.5	29 
1983	7	16.9	46 
1983	8	15.6	23 
1983	9	10.7	172 
1983	10	5.9	109 
1983	11	1	20 
1983	12	-1.9	56 
1984	1	-5.2	73 
1984	2	-3.2	24 
1984	3	-2.5	25 
1984	4	4.3	31 
1984	5	11.7	54 
1984	6	14.2	105 
1984	7	15.3	90 
1984	8	15.4	106 
1984	9	9.1	88 
1984	10	6.9	147 
1984	11	2.5	54 
1984	12	0.8	78 
1985	1	-9.5	38 
1985	2	-11	38 
1985	3	-1.7	84 
1985	4	1.4	75 
1985	5	10.6	27 
1985	6	13.6	110 
1985	7	15.2	129 
1985	8	13.7	140 
1985	9	7.7	101 
1985	10	6.1	37 
1985	11	-1.6	43 
1985	12	-7.2	81 
1986	1	-8.1	72 
1986	2	-8.8	2 
1986	3	-0.8	69 
1986	4	1.6	26 
1986	5	10	63 
1986	6	15.3	26 
1986	7	15.8	47 
1986	8	12.2	118 
1986	9	7	27 
1986	10	5.6	77 
1986	11	3.6	91 
1986	12	-1.4	95 
1987	1	-11.8	21 
1987	2	-5.6	26 
1987	3	-6.1	80 
1987	4	3.7	26 
1987	5	8.5	63 
1987	6	11	132 
1987	7	15.9	53 
1987	8	12.4	109 
1987	9	8.5	114 
1987	10	7.2	194 
1987	11	0.2	105 
1987	12	-3.7	24 
1988	1	0.9	132 
1988	2	-1.5	81 
1988	3	-2.4	89 
1988	4	2.2	39 
1988	5	11.2	29 
1988	6	17.8	58 
1988	7	15.9	140 
1988	8	14.2	174 
1988	9	11.4	115 
1988	10	4.3	78 
1988	11	-1.8	24 
1988	12	-3.8	28 
1989	1	2.4	10 
1989	2	2.5	42 
1989	3	2.8	86 
1989	4	4.6	92 
1989	5	10.1	34 
1989	6	14.3	59 
1989	7	16.3	94 
1989	8	13.4	163 
1989	9	10.5	39 
1989	10	5.6	53 
1989	11	2.5	64 
1989	12	-2.9	33 
1990	1	0.6	86 
1990	2	3.6	119 
1990	3	3.4	17 
1990	4	5.4	69 
1990	5	11.5	13 
1990	6	14.5	79 
1990	7	15.8	68 
1990	8	15.3	67 
1990	9	9.3	50 
1990	10	5.3	94 
1990	11	-0.8	44 
1990	12	-1.2	87 
1991	1	-3.8	50 
1991	2	-4.9	22 
1991	3	1	76 
1991	4	4.4	22 
1991	5	9.9	6 
1991	6	11.2	116 
1991	7	17.3	66 
1991	8	15.9	24 
1991	9	10.3	75 
1991	10	5.7	74 
1991	11	2	135 
1991	12	-0.2	25 
1992	1	-0.7	13 
1992	2	-0.7	19 
1992	3	2.1	64 
1992	4	3.3	59 
1992	5	12	39 
1992	6	17.2	8 
1992	7	15.8	128 
1992	8	13.5	120 
1992	9	10	57 
1992	10	2.6	40 
1992	11	0.7	124 
1992	12	-0.9	55 
1993	1	-0.2	42 
1993	2	-1.4	32 
1993	3	0	4 
1993	4	5	44 
1993	5	11.7	68 
1993	6	13.2	43 
1993	7	14.6	118 
1993	8	12.8	83 
1993	9	8.3	28 
1993	10	3.7	134 
1993	11	-0.5	96 
1993	12	-3.5	75 
1994	1	-4.3	70 
1994	2	-8.6	17 
1994	3	-0.5	49 
1994	4	5.4	80 
1994	5	10.4	2 
1994	6	13.3	42 
1994	7	19.4	23 
1994	8	15.9	180 
1994	9	9.8	110 
1994	10	4.8	53 
1994	11	1.6	48 
1994	12	0	104 
1995	1	-2.9	86 
1995	2	-1	73 
1995	3	0.8	42 
1995	4	3.3	51 
1995	5	9.1	34 
1995	6	14.7	104 
1995	7	15.8	110 
1995	8	17.3	37 
1995	9	10.9	106 
1995	10	8.6	44 
1995	11	-0.8	25 
1995	12	-7	10 
1996	1	-5.2	38 
1996	2	-7.4	37 
1996	3	-1.6	1 
1996	4	3.9	27 
1996	5	7.9	93 
1996	6	13.7	65 
1996	7	15.3	41 
1996	8	17.6	75 
1996	9	9.5	87 
1996	10	7.4	125 
1996	11	0.3	107 
1996	12	-4.6	54 
1997	1	-5	20 
1997	2	-0.6	77 
1997	3	1.4	14 
1997	4	4.3	4 
1997	5	8.7	73 
1997	6	15.7	63 
1997	7	18.8	32 
1997	8	19.7	66 
1997	9	11.9	95 
1997	10	4.1	77 
1997	11	1.6	53 
1997	12	-0.8	44 
1998	1	-0.9	52 
1998	2	0.8	33 
1998	3	-0.4	45 
1998	4	3.7	85 
1998	5	10.9	18 
1998	6	13	125 
1998	7	15	82 
1998	8	14	105 
1998	9	11.9	81 
1998	10	4.9	107 
1998	11	-1.1	22 
1998	12	-0.8	45 
1999	1	-2.3	80 
1999	2	-3.3	42 
1999	3	-0.1	140 
1999	4	5.6	48 
1999	5	8.9	44 
1999	6	13.4	167 
1999	7	16.6	69 
1999	8	15.3	52 
1999	9	13.6	167 
1999	10	6	113 
1999	11	3.9	29 
1999	12	-2.5	106 
2000	1	-0.8	33 
2000	2	-1.1	33 
2000	3	1.2	31 
2000	4	5.2	89 
2000	5	11.9	82 
2000	6	12.7	80 
2000	7	15.6	92 
2000	8	14.8	112 
2000	9	10.3	52 
2000	10	9.3	217 
2000	11	5.9	307 
2000	12	1.7	93 
2001	1	-3.3	95 
2001	2	-5.5	28 
2001	3	-2.8	59 
2001	4	3.6	82 
2001	5	11.1	67 
2001	6	13.9	36 
2001	7	17	79 
2001	8	15.2	102 
2001	9	11.2	91 
2001	10	8.3	139 
2001	11	1.8	43 
2001	12	-3.1	32 
2002	1	-3.5	70 
2002	2	0.4	76 
2002	3	1.4	41 
2002	4	6.1	45 
2002	5	12.1	104 
2002	6	15.7	83 
2002	7	16.7	173 
2002	8	19.3	72 
2002	9	12.2	113 
2002	10	3.3	98 
2002	11	-1.3	72 
2002	12	-5.9	41 
2003	1	-4.3	32 
2003	2	-3.2	57 
2003	3	0.6	23 
2003	4	4.9	55 
2003	5	9.4	116 
2003	6	15.6	80 
2003	7	18.1	131 
2003	8	16.7	84 
2003	9	11.8	52 
2003	10	3.2	29 
2003	11	2.6	65 
2003	12	0.7	53 
2004	1	-3.8	90 
2004	2	-1.8	31 
2004	3	1	42 
2004	4	6.6	58 
2004	5	11.7	50 
2004	6	13.5	85 
2004	7	15.3	52 
2004	8	17.3	76 
2004	9	11.8	102 
2004	10	6.2	114 
2004	11	0.9	41 
2004	12	0.3	32 
2005	1	1.6	33 
2005	2	-1.4	14 
2005	3	-2.5	23 
2005	4	5.5	30 
2005	5	8.8	86 
2005	6	13.4	48 
2005	7	17.8	87 
2005	8	14.8	146 
2005	9	11	43 
2005	10	6.4	97 
2005	11	4.3	124 
2005	12	-1.4	44 
2006	1	-2.8	54 
2006	2	-3.8	66 
2006	3	-4.1	50 
2006	4	3.8	48 
2006	5	11.2	87 
2006	6	15.1	67 
2006	7	19.2	27 
2006	8	17.4	157 
2006	9	14.6	67 
2006	10	8.4	169 
2006	11	3.9	125 
2006	12	2.7	98 
2007	1	-0.9	82 
2007	2	-3.2	39 
2007	3	3.6	34 
2007	4	7	41 
2007	5	10.4	98 
2007	6	16.4	115 
2007	7	15.6	140 
2007	8	16.2	83 
2007	9	10.5	70 
2007	10	6.7	21 
2007	11	1.4	84 
2007	12	-1.3	61 
2008	1	0.9	120 
2008	2	2	80 
2008	3	0.6	85 
2008	4	6.3	83 
2008	5	11.5	18 
2008	6	15.5	62 
2008	7	18.1	109 
2008	8	15.2	166 
2008	9	10.7	45 
2008	10	6.9	132 
2008	11	1.9	74 
2008	12	-1.1	36 
2009	1	-2.5	70 
2009	2	-5.4	51 
2009	3	0.7	47 
2009	4	7.3	38 
2009	5	11.5	20 
2009	6	15.4	31 
2009	7	17.1	139 
2009	8	15.9	113 
2009	9	12.7	43 
2009	10	3.9	61 
2009	11	3.7	138 
2009	12	-3.9	67 
2010	1	-8.5	12 
2010	2	-7.1	57 
2010	3	-0.8	44 
2010	4	5.4	60 
2010	5	10.3	49 
2010	6	14.9	67 
2010	7	17.5	102 
2010	8	15.8	167 
2010	9	11	71 
2010	10	5.2	57 
2010	11	-2.1	39 
2010	12	-10.3	15 
2011	1	-4.2	38 
2011	2	-5.3	61 
2011	3	0	15 
2011	4	8.7	34 
2011	5	10.5	69 
2011	6	15.4	171 
2011	7	17.5	116 
2011	8	15.7	168 
2011	9	12.3	140 
2011	10	7.5	76 
2011	11	4.5	32 
2011	12	0.7	95 
2012	1	-2.7	55 
2012	2	-2.9	24 
2012	3	5.2	16 
2012	4	4.3	63 
2012	5	11.7	83 
2012	6	13	113 
2012	7	15.8	137 
2012	8	15.6	101 
2012	9	11	104 
2012	10	5.1	124 
2012	11	3.3	118 
2012	12	-5.7	57 
2013	1	-5.3	40 
2013	2	-4	21 
2013	3	-3.1	7 
2013	4	3.6	34 
2013	5	12.2	91 
2013	6	14.7	155 
2013	7	17.9	30 
2013	8	16	79 
2013	9	11.5	46 
2013	10	6.6	92 
2013	11	1.8	50 
2013	12	1.8	101 
2014	1	-2.2	66 
2014	2	1.7	126 
2014	3	3.8	52 
2014	4	7	62 
2014	5	11.3	52 
2014	6	15.4	81 
2014	7	20.2	46 
2014	8	15.6	118 
2014	9	12.6	45 
2014	10	8.8	218 
