Gridded monthly values for the period 1.1967 - 10.2014

UTM coordinates: 265518 E, 6650271 N

Elevation of grid point: 100 meters above sea level

Real elevation: NA meters above sea level

Elements:	Mean temperature in *C (TAM)
		Accumulated precipitation in mm (RR)


Year	Month	TAM	RR 
1967	1	-7.9	78 
1967	2	-3.8	81 
1967	3	1.8	51 
1967	4	4	39 
1967	5	8.6	103 
1967	6	14.4	81 
1967	7	15.7	53 
1967	8	15.4	112 
1967	9	11.1	66 
1967	10	6.4	151 
1967	11	3.3	110 
1967	12	-4.1	99 
1968	1	-7.6	65 
1968	2	-6.3	64 
1968	3	-0.4	43 
1968	4	5.2	25 
1968	5	8.8	58 
1968	6	15.8	83 
1968	7	15.5	74 
1968	8	15.9	34 
1968	9	11.3	70 
1968	10	4.5	112 
1968	11	-2.9	77 
1968	12	-4.3	24 
1969	1	-3.6	108 
1969	2	-8.2	27 
1969	3	-5.1	7 
1969	4	3.7	61 
1969	5	9.6	60 
1969	6	16.9	34 
1969	7	16.6	104 
1969	8	17.9	37 
1969	9	11.1	72 
1969	10	6.7	24 
1969	11	-2.1	72 
1969	12	-4.8	40 
1970	1	-8	33 
1970	2	-11.9	20 
1970	3	-2.3	33 
1970	4	1.5	59 
1970	5	11.2	9 
1970	6	17.8	60 
1970	7	14.2	157 
1970	8	15.6	42 
1970	9	9.7	81 
1970	10	6	106 
1970	11	-0.9	156 
1970	12	-1.7	23 
1971	1	-2.8	66 
1971	2	-0.9	37 
1971	3	-3.1	67 
1971	4	4	26 
1971	5	10.7	59 
1971	6	14.1	47 
1971	7	16.7	78 
1971	8	14.5	64 
1971	9	10.3	42 
1971	10	6.2	43 
1971	11	-1.2	99 
1971	12	0.7	38 
1972	1	-6.5	28 
1972	2	-3.7	46 
1972	3	-0.9	46 
1972	4	4.4	74 
1972	5	10.9	58 
1972	6	13.8	121 
1972	7	17.9	88 
1972	8	14.4	117 
1972	9	9.2	41 
1972	10	5.9	20 
1972	11	1.1	14 
1972	12	1.7	70 
1973	1	-0.3	40 
1973	2	-1.1	56 
1973	3	2.3	14 
1973	4	3.3	63 
1973	5	9.9	66 
1973	6	15.1	48 
1973	7	18	107 
1973	8	14.3	45 
1973	9	9.4	79 
1973	10	2.6	13 
1973	11	-1	42 
1973	12	-3.2	69 
1974	1	-0.2	88 
1974	2	-0.2	44 
1974	3	0.5	34 
1974	4	6.6	0 
1974	5	11.1	27 
1974	6	14.6	57 
1974	7	15	106 
1974	8	14.8	65 
1974	9	11.3	210 
1974	10	4.5	94 
1974	11	1.3	105 
1974	12	-0.8	46 
1975	1	0.1	121 
1975	2	-4.4	17 
1975	3	-0.2	33 
1975	4	3.4	31 
1975	5	11	37 
1975	6	13.7	28 
1975	7	17.7	40 
1975	8	18	56 
1975	9	11.4	105 
1975	10	6.6	66 
1975	11	2.5	80 
1975	12	0.5	31 
1976	1	-5.2	34 
1976	2	-3.4	41 
1976	3	-2.5	6 
1976	4	4.2	18 
1976	5	10.9	43 
1976	6	15.3	28 
1976	7	18.1	30 
1976	8	17.1	14 
1976	9	9	45 
1976	10	4.7	214 
1976	11	0.6	103 
1976	12	-4.6	62 
1977	1	-4.4	100 
1977	2	-7	45 
1977	3	0.1	56 
1977	4	1.8	99 
1977	5	10.9	32 
1977	6	15.1	87 
1977	7	16	57 
1977	8	15.1	51 
1977	9	9.2	54 
1977	10	6.9	64 
1977	11	1.6	106 
1977	12	-2	67 
1978	1	-2.7	68 
1978	2	-7.9	48 
1978	3	-2	111 
1978	4	3.3	20 
1978	5	10.8	11 
1978	6	15.8	39 
1978	7	14.8	160 
1978	8	14.6	82 
1978	9	8.4	84 
1978	10	5.7	25 
1978	11	3.9	31 
1978	12	-8.1	40 
1979	1	-8.7	17 
1979	2	-7.8	21 
1979	3	-1.1	118 
1979	4	3.6	85 
1979	5	8.1	61 
1979	6	15.8	40 
1979	7	15.2	94 
1979	8	13.8	88 
1979	9	9.8	68 
1979	10	4.1	73 
1979	11	-0.5	130 
1979	12	-3.6	62 
1980	1	-6.9	27 
1980	2	-8.8	37 
1980	3	-3.2	45 
1980	4	4.5	6 
1980	5	11.7	56 
1980	6	15.7	131 
1980	7	16.8	61 
1980	8	14.9	70 
1980	9	11.1	82 
1980	10	4.2	124 
1980	11	-2.4	36 
1980	12	-1.8	60 
1981	1	-4.5	20 
1981	2	-4.6	29 
1981	3	-3.1	65 
1981	4	4	11 
1981	5	11.4	65 
1981	6	12.6	83 
1981	7	15.7	115 
1981	8	14.8	19 
1981	9	11.7	76 
1981	10	4.7	87 
1981	11	0.3	115 
1981	12	-9.4	62 
1982	1	-8.5	30 
1982	2	-4.1	32 
1982	3	1	91 
1982	4	4.6	38 
1982	5	9.1	79 
1982	6	13.7	41 
1982	7	17.4	40 
1982	8	15.8	82 
1982	9	11.2	99 
1982	10	6	78 
1982	11	2.6	134 
1982	12	-1.9	125 
1983	1	0.4	33 
1983	2	-5.2	25 
1983	3	0.9	41 
1983	4	4.9	49 
1983	5	10.2	102 
1983	6	13.9	35 
1983	7	17.3	45 
1983	8	15.9	26 
1983	9	11	161 
1983	10	6.2	105 
1983	11	1.2	20 
1983	12	-1.8	69 
1984	1	-5.3	91 
1984	2	-3.2	34 
1984	3	-2.2	30 
1984	4	4.8	31 
1984	5	12.1	48 
1984	6	14.5	99 
1984	7	15.6	77 
1984	8	15.8	74 
1984	9	9.4	81 
1984	10	7.2	140 
1984	11	2.6	54 
1984	12	0.8	94 
1985	1	-9.2	69 
1985	2	-10.4	33 
1985	3	-1.3	94 
1985	4	1.9	90 
1985	5	11.1	26 
1985	6	14	95 
1985	7	15.7	103 
1985	8	14.1	134 
1985	9	8.1	102 
1985	10	6.7	25 
1985	11	-1.4	42 
1985	12	-7	79 
1986	1	-7.8	72 
1986	2	-8.4	3 
1986	3	-0.3	71 
1986	4	2	29 
1986	5	10.5	42 
1986	6	15.7	22 
1986	7	16.2	45 
1986	8	12.5	79 
1986	9	7.4	18 
1986	10	5.9	78 
1986	11	3.7	85 
1986	12	-1.5	118 
1987	1	-11.4	27 
1987	2	-5	38 
1987	3	-5.4	79 
1987	4	4.4	22 
1987	5	9	52 
1987	6	11.5	140 
1987	7	16.2	41 
1987	8	12.7	85 
1987	9	8.8	97 
1987	10	7.4	187 
1987	11	0.5	100 
1987	12	-3.4	24 
1988	1	0.8	144 
1988	2	-1.6	109 
1988	3	-2.2	96 
1988	4	2.6	37 
1988	5	11.6	24 
1988	6	18.2	26 
1988	7	16.1	156 
1988	8	14.5	171 
1988	9	11.6	107 
1988	10	4.6	76 
1988	11	-1.6	25 
1988	12	-3.7	31 
1989	1	2.2	11 
1989	2	2.3	46 
1989	3	3	87 
1989	4	4.9	86 
1989	5	10.5	36 
1989	6	14.6	60 
1989	7	16.6	78 
1989	8	13.6	169 
1989	9	10.8	45 
1989	10	5.7	56 
1989	11	2.6	69 
1989	12	-2.9	36 
1990	1	0.4	83 
1990	2	3.5	103 
1990	3	3.5	21 
1990	4	5.8	68 
1990	5	11.9	12 
1990	6	14.9	82 
1990	7	16.1	65 
1990	8	15.6	64 
1990	9	9.5	54 
1990	10	5.6	82 
1990	11	-0.5	46 
1990	12	-1.1	85 
1991	1	-3.5	56 
1991	2	-4.8	23 
1991	3	1.3	70 
1991	4	4.8	23 
1991	5	10.2	6 
1991	6	11.5	119 
1991	7	17.7	55 
1991	8	16.1	29 
1991	9	10.5	72 
1991	10	5.9	71 
1991	11	2.1	121 
1991	12	-0.1	23 
1992	1	-0.6	15 
1992	2	-0.6	21 
1992	3	2.3	67 
1992	4	3.6	60 
1992	5	12.4	38 
1992	6	17.5	20 
1992	7	16	110 
1992	8	13.7	126 
1992	9	10.3	61 
1992	10	2.8	40 
1992	11	0.8	133 
1992	12	-0.9	53 
1993	1	-0.4	45 
1993	2	-1.2	40 
1993	3	0.4	5 
1993	4	5.5	37 
1993	5	11.9	61 
1993	6	13.6	37 
1993	7	14.9	108 
1993	8	13.1	101 
1993	9	8.8	28 
1993	10	4.1	135 
1993	11	-0.5	96 
1993	12	-3.5	79 
1994	1	-4.3	72 
1994	2	-8.2	19 
1994	3	-0.1	51 
1994	4	5.8	82 
1994	5	10.9	2 
1994	6	13.7	43 
1994	7	19.9	16 
1994	8	16.3	169 
1994	9	10.2	91 
1994	10	5.2	49 
1994	11	1.9	46 
1994	12	0	87 
1995	1	-3	100 
1995	2	-0.9	79 
1995	3	1.1	44 
1995	4	3.7	49 
1995	5	9.5	37 
1995	6	15.1	109 
1995	7	16.2	105 
1995	8	17.7	27 
1995	9	11.2	100 
1995	10	8.9	51 
1995	11	-0.6	25 
1995	12	-6.8	11 
1996	1	-5.2	39 
1996	2	-7	36 
1996	3	-1	0 
1996	4	4.4	25 
1996	5	8.3	86 
1996	6	14.1	53 
1996	7	15.7	41 
1996	8	18	68 
1996	9	9.9	87 
1996	10	7.7	119 
1996	11	0.4	106 
1996	12	-4.5	51 
1997	1	-4.6	20 
1997	2	-0.6	72 
1997	3	1.9	15 
1997	4	4.7	4 
1997	5	9.1	70 
1997	6	16.1	67 
1997	7	19.3	36 
1997	8	20.1	62 
1997	9	12.3	89 
1997	10	4.5	72 
1997	11	1.6	54 
1997	12	-0.9	52 
1998	1	-0.9	50 
1998	2	0.9	32 
1998	3	0.1	47 
1998	4	4.1	94 
1998	5	11.4	18 
1998	6	13.3	124 
1998	7	15.4	78 
1998	8	14.3	103 
1998	9	12.3	84 
1998	10	5.3	101 
1998	11	-0.9	30 
1998	12	-0.8	44 
1999	1	-2.2	92 
1999	2	-3	38 
1999	3	0.3	138 
1999	4	6.2	53 
1999	5	9.4	45 
1999	6	13.9	158 
1999	7	17.2	66 
1999	8	15.8	40 
1999	9	14.1	163 
1999	10	6.4	99 
1999	11	4.1	30 
1999	12	-2.5	90 
2000	1	-0.7	32 
2000	2	-1	33 
2000	3	1.7	30 
2000	4	5.8	83 
2000	5	12.4	93 
2000	6	13.2	74 
2000	7	16.1	82 
2000	8	15.3	119 
2000	9	10.9	50 
2000	10	9.6	215 
2000	11	6	281 
2000	12	1.7	95 
2001	1	-3.3	90 
2001	2	-5.4	27 
2001	3	-2.3	53 
2001	4	4	82 
2001	5	11.6	72 
2001	6	14.4	40 
2001	7	17.5	80 
2001	8	15.7	99 
2001	9	11.7	81 
2001	10	8.6	138 
2001	11	2	38 
2001	12	-3.1	32 
2002	1	-3.3	73 
2002	2	0.4	66 
2002	3	1.7	37 
2002	4	6.6	44 
2002	5	12.6	101 
2002	6	16.2	79 
2002	7	17.1	153 
2002	8	19.8	50 
2002	9	12.8	100 
2002	10	3.6	100 
2002	11	-1.1	76 
2002	12	-5.8	35 
2003	1	-4.2	39 
2003	2	-3.1	53 
2003	3	1.1	26 
2003	4	5.4	51 
2003	5	9.8	108 
2003	6	16.1	79 
2003	7	18.6	121 
2003	8	17.1	75 
2003	9	12.2	56 
2003	10	3.5	30 
2003	11	2.8	68 
2003	12	0.6	58 
2004	1	-3.9	94 
2004	2	-1.8	28 
2004	3	1.3	43 
2004	4	7	57 
2004	5	12.1	46 
2004	6	14	92 
2004	7	15.7	53 
2004	8	17.7	83 
2004	9	12.3	106 
2004	10	6.5	112 
2004	11	1	45 
2004	12	0.3	39 
2005	1	1.6	38 
2005	2	-1.4	17 
2005	3	-2.3	25 
2005	4	5.9	33 
2005	5	9.2	88 
2005	6	13.8	46 
2005	7	18.2	81 
2005	8	15.2	131 
2005	9	11.3	42 
2005	10	6.6	94 
2005	11	4.4	124 
2005	12	-1.5	44 
2006	1	-2.8	52 
2006	2	-3.8	66 
2006	3	-3.7	48 
2006	4	4.3	51 
2006	5	11.6	85 
2006	6	15.6	62 
2006	7	19.7	36 
2006	8	17.8	147 
2006	9	14.9	62 
2006	10	8.6	159 
2006	11	3.9	136 
2006	12	2.6	96 
2007	1	-1	84 
2007	2	-3.2	40 
2007	3	3.9	35 
2007	4	7.4	39 
2007	5	10.8	93 
2007	6	16.9	112 
2007	7	16	138 
2007	8	16.5	75 
2007	9	10.8	70 
2007	10	6.9	26 
2007	11	1.5	85 
2007	12	-1.5	67 
2008	1	0.8	118 
2008	2	2	78 
2008	3	0.8	88 
2008	4	6.7	78 
2008	5	11.9	24 
2008	6	16	59 
2008	7	18.5	108 
2008	8	15.5	160 
2008	9	11	47 
2008	10	7.1	131 
2008	11	1.9	74 
2008	12	-1.1	38 
2009	1	-2.6	71 
2009	2	-5.4	50 
2009	3	0.9	49 
2009	4	7.7	40 
2009	5	12	31 
2009	6	15.9	29 
2009	7	17.5	145 
2009	8	16.2	116 
2009	9	13	39 
2009	10	4.2	62 
2009	11	3.8	133 
2009	12	-4	68 
2010	1	-8.4	11 
2010	2	-7	45 
2010	3	-0.3	38 
2010	4	5.8	57 
2010	5	10.8	47 
2010	6	15.4	65 
2010	7	18	95 
2010	8	16.2	149 
2010	9	11.4	71 
2010	10	5.5	68 
2010	11	-1.9	39 
2010	12	-10.2	16 
2011	1	-4.1	41 
2011	2	-5.2	57 
2011	3	0.4	14 
2011	4	9.2	32 
2011	5	10.8	66 
2011	6	15.9	168 
2011	7	18.1	112 
2011	8	16.2	168 
2011	9	12.7	141 
2011	10	7.8	75 
2011	11	4.6	31 
2011	12	0.7	100 
2012	1	-2.7	57 
2012	2	-2.8	23 
2012	3	5.5	16 
2012	4	4.7	68 
2012	5	12.1	77 
2012	6	13.5	111 
2012	7	16.3	135 
2012	8	16.1	103 
2012	9	11.5	99 
2012	10	5.3	126 
2012	11	3.3	127 
2012	12	-5.7	61 
2013	1	-5.1	39 
2013	2	-3.5	20 
2013	3	-2.4	7 
2013	4	4.2	39 
2013	5	12.9	92 
2013	6	15.3	145 
2013	7	18.5	26 
2013	8	16.4	87 
2013	9	12	45 
2013	10	7	92 
2013	11	2.1	49 
2013	12	2	111 
2014	1	-2.4	63 
2014	2	1.7	112 
2014	3	4.2	50 
2014	4	7.6	64 
2014	5	11.7	54 
2014	6	15.8	83 
2014	7	20.8	44 
2014	8	15.9	118 
2014	9	13.2	47 
2014	10	9.1	223 
