Gridded monthly values for the period 1.1967 - 10.2014

UTM coordinates: 262808 E, 6651281 N

Elevation of grid point: 70 meters above sea level

Real elevation: NA meters above sea level

Elements:	Mean temperature in *C (TAM)
		Accumulated precipitation in mm (RR)


Year	Month	TAM	RR 
1967	1	-7.7	49 
1967	2	-3.7	57 
1967	3	1.9	58 
1967	4	4.1	35 
1967	5	8.8	86 
1967	6	14.6	71 
1967	7	15.9	58 
1967	8	15.6	111 
1967	9	11.3	63 
1967	10	6.5	138 
1967	11	3.4	95 
1967	12	-4	80 
1968	1	-7.6	47 
1968	2	-6.2	45 
1968	3	-0.2	41 
1968	4	5.4	15 
1968	5	9	60 
1968	6	16	83 
1968	7	15.7	76 
1968	8	16.2	30 
1968	9	11.5	72 
1968	10	4.6	110 
1968	11	-2.7	57 
1968	12	-4.2	20 
1969	1	-3.4	93 
1969	2	-8	21 
1969	3	-4.9	7 
1969	4	3.9	53 
1969	5	9.8	60 
1969	6	17	34 
1969	7	16.7	88 
1969	8	18.1	38 
1969	9	11.3	72 
1969	10	6.8	24 
1969	11	-2	68 
1969	12	-4.7	40 
1970	1	-7.8	27 
1970	2	-11.7	15 
1970	3	-2.1	29 
1970	4	1.7	59 
1970	5	11.4	9 
1970	6	18	64 
1970	7	14.3	159 
1970	8	15.8	41 
1970	9	9.9	74 
1970	10	6.1	102 
1970	11	-0.8	156 
1970	12	-1.7	23 
1971	1	-2.7	61 
1971	2	-0.8	39 
1971	3	-2.9	67 
1971	4	4.2	26 
1971	5	10.8	58 
1971	6	14.3	50 
1971	7	16.8	75 
1971	8	14.6	68 
1971	9	10.4	44 
1971	10	6.2	41 
1971	11	-1.2	64 
1971	12	0.6	33 
1972	1	-6.4	24 
1972	2	-3.5	35 
1972	3	-0.8	43 
1972	4	4.5	63 
1972	5	11	55 
1972	6	14	105 
1972	7	18.1	82 
1972	8	14.5	112 
1972	9	9.3	33 
1972	10	5.9	22 
1972	11	1.1	13 
1972	12	1.7	67 
1973	1	-0.3	35 
1973	2	-1	55 
1973	3	2.4	14 
1973	4	3.4	57 
1973	5	10.1	62 
1973	6	15.2	44 
1973	7	18.1	99 
1973	8	14.4	50 
1973	9	9.5	74 
1973	10	2.7	13 
1973	11	-1	38 
1973	12	-3.1	69 
1974	1	-0.2	88 
1974	2	-0.1	45 
1974	3	0.5	30 
1974	4	6.8	0 
1974	5	11.3	27 
1974	6	14.8	55 
1974	7	15.1	108 
1974	8	14.9	59 
1974	9	11.4	190 
1974	10	4.7	85 
1974	11	1.4	115 
1974	12	-0.9	47 
1975	1	0.1	111 
1975	2	-4.4	18 
1975	3	-0.1	33 
1975	4	3.6	30 
1975	5	11.1	38 
1975	6	13.8	34 
1975	7	17.8	52 
1975	8	18.1	65 
1975	9	11.5	110 
1975	10	6.7	66 
1975	11	2.6	82 
1975	12	0.4	28 
1976	1	-5.2	35 
1976	2	-3.3	38 
1976	3	-2.4	6 
1976	4	4.4	17 
1976	5	11.1	42 
1976	6	15.5	21 
1976	7	18.2	33 
1976	8	17.2	14 
1976	9	9.1	43 
1976	10	4.8	190 
1976	11	0.6	93 
1976	12	-4.5	54 
1977	1	-4.3	76 
1977	2	-6.9	31 
1977	3	0.2	54 
1977	4	2	83 
1977	5	11	29 
1977	6	15.3	82 
1977	7	16.2	65 
1977	8	15.3	43 
1977	9	9.4	57 
1977	10	7	63 
1977	11	1.7	87 
1977	12	-2	54 
1978	1	-2.7	68 
1978	2	-7.7	45 
1978	3	-1.8	107 
1978	4	3.5	20 
1978	5	11	17 
1978	6	16	37 
1978	7	15	134 
1978	8	14.8	87 
1978	9	8.5	81 
1978	10	5.7	23 
1978	11	3.9	30 
1978	12	-8	29 
1979	1	-8.6	13 
1979	2	-7.7	18 
1979	3	-0.9	116 
1979	4	3.7	83 
1979	5	8.2	61 
1979	6	15.9	40 
1979	7	15.4	86 
1979	8	13.9	99 
1979	9	9.9	79 
1979	10	4.1	75 
1979	11	-0.4	113 
1979	12	-3.5	59 
1980	1	-6.8	19 
1980	2	-8.7	30 
1980	3	-3	35 
1980	4	4.7	6 
1980	5	11.8	57 
1980	6	15.8	128 
1980	7	16.9	73 
1980	8	15	122 
1980	9	11.2	80 
1980	10	4.3	116 
1980	11	-2.3	37 
1980	12	-1.8	55 
1981	1	-4.5	19 
1981	2	-4.5	25 
1981	3	-2.9	65 
1981	4	4.2	12 
1981	5	11.6	69 
1981	6	12.7	92 
1981	7	15.9	112 
1981	8	14.9	16 
1981	9	11.9	75 
1981	10	4.7	87 
1981	11	0.4	115 
1981	12	-9.3	44 
1982	1	-8.3	28 
1982	2	-4	36 
1982	3	1.1	91 
1982	4	4.7	40 
1982	5	9.3	79 
1982	6	13.8	36 
1982	7	17.5	38 
1982	8	15.9	83 
1982	9	11.3	110 
1982	10	6.1	73 
1982	11	2.6	134 
1982	12	-1.9	111 
1983	1	0.5	30 
1983	2	-5	16 
1983	3	1	37 
1983	4	5.2	49 
1983	5	10.4	102 
1983	6	14.1	30 
1983	7	17.5	45 
1983	8	16.1	25 
1983	9	11.2	164 
1983	10	6.3	99 
1983	11	1.3	19 
1983	12	-1.8	53 
1984	1	-5.2	82 
1984	2	-3.1	24 
1984	3	-2	24 
1984	4	5	30 
1984	5	12.3	50 
1984	6	14.7	107 
1984	7	15.9	85 
1984	8	16.1	91 
1984	9	9.6	90 
1984	10	7.2	139 
1984	11	2.7	51 
1984	12	0.9	93 
1985	1	-9	49 
1985	2	-10.1	40 
1985	3	-1.2	81 
1985	4	2.2	81 
1985	5	11.3	29 
1985	6	14.2	93 
1985	7	15.9	111 
1985	8	14.3	151 
1985	9	8.3	122 
1985	10	6.7	32 
1985	11	-1.3	44 
1985	12	-6.9	77 
1986	1	-7.6	68 
1986	2	-8.2	2 
1986	3	-0.1	59 
1986	4	2.3	25 
1986	5	10.8	58 
1986	6	15.9	30 
1986	7	16.4	55 
1986	8	12.8	111 
1986	9	7.5	26 
1986	10	6	73 
1986	11	3.8	79 
1986	12	-1.4	113 
1987	1	-11.2	21 
1987	2	-4.8	27 
1987	3	-5.1	77 
1987	4	4.6	22 
1987	5	9.2	51 
1987	6	11.8	132 
1987	7	16.5	43 
1987	8	12.9	86 
1987	9	8.9	117 
1987	10	7.5	173 
1987	11	0.5	98 
1987	12	-3.3	23 
1988	1	0.8	139 
1988	2	-1.5	93 
1988	3	-2	101 
1988	4	2.8	41 
1988	5	11.9	24 
1988	6	18.4	35 
1988	7	16.3	167 
1988	8	14.6	208 
1988	9	11.7	112 
1988	10	4.7	78 
1988	11	-1.5	26 
1988	12	-3.6	29 
1989	1	2.2	11 
1989	2	2.3	46 
1989	3	3.1	85 
1989	4	5.1	87 
1989	5	10.6	37 
1989	6	14.8	60 
1989	7	16.8	67 
1989	8	13.8	173 
1989	9	11	50 
1989	10	5.8	58 
1989	11	2.7	71 
1989	12	-2.8	34 
1990	1	0.4	80 
1990	2	3.5	94 
1990	3	3.6	21 
1990	4	6	66 
1990	5	12.2	11 
1990	6	15.1	87 
1990	7	16.4	66 
1990	8	15.9	65 
1990	9	9.7	57 
1990	10	5.7	80 
1990	11	-0.3	47 
1990	12	-1	87 
1991	1	-3.4	58 
1991	2	-4.6	24 
1991	3	1.5	67 
1991	4	5	23 
1991	5	10.4	4 
1991	6	11.7	105 
1991	7	17.9	49 
1991	8	16.3	32 
1991	9	10.7	71 
1991	10	6.1	66 
1991	11	2.2	118 
1991	12	0	22 
1992	1	-0.6	15 
1992	2	-0.6	22 
1992	3	2.4	69 
1992	4	3.8	61 
1992	5	12.6	37 
1992	6	17.7	31 
1992	7	16.2	98 
1992	8	13.9	132 
1992	9	10.6	63 
1992	10	2.9	37 
1992	11	0.9	137 
1992	12	-0.9	52 
1993	1	-0.3	45 
1993	2	-1.1	42 
1993	3	0.7	5 
1993	4	5.7	35 
1993	5	12.1	60 
1993	6	13.9	33 
1993	7	15.2	106 
1993	8	13.4	107 
1993	9	9.2	28 
1993	10	4.3	132 
1993	11	-0.4	103 
1993	12	-3.4	71 
1994	1	-4.1	68 
1994	2	-7.8	19 
1994	3	0.2	49 
1994	4	6.1	82 
1994	5	11.2	1 
1994	6	13.9	47 
1994	7	20.1	16 
1994	8	16.5	154 
1994	9	10.5	85 
1994	10	5.4	46 
1994	11	2	43 
1994	12	0.1	79 
1995	1	-2.8	106 
1995	2	-0.7	81 
1995	3	1.3	44 
1995	4	4	45 
1995	5	9.8	37 
1995	6	15.4	100 
1995	7	16.5	104 
1995	8	18.1	20 
1995	9	11.5	95 
1995	10	9.1	51 
1995	11	-0.4	23 
1995	12	-6.6	10 
1996	1	-5	38 
1996	2	-6.6	35 
1996	3	-0.6	0 
1996	4	4.7	26 
1996	5	8.5	79 
1996	6	14.4	50 
1996	7	16	39 
1996	8	18.4	73 
1996	9	10.3	92 
1996	10	7.9	111 
1996	11	0.5	98 
1996	12	-4.3	48 
1997	1	-4.4	20 
1997	2	-0.5	70 
1997	3	2.2	13 
1997	4	5.1	4 
1997	5	9.3	66 
1997	6	16.4	67 
1997	7	19.6	41 
1997	8	20.5	56 
1997	9	12.7	91 
1997	10	4.8	73 
1997	11	1.7	51 
1997	12	-0.9	47 
1998	1	-0.8	49 
1998	2	1	28 
1998	3	0.4	47 
1998	4	4.3	92 
1998	5	11.7	19 
1998	6	13.5	122 
1998	7	15.7	80 
1998	8	14.6	110 
1998	9	12.6	80 
1998	10	5.6	102 
1998	11	-0.8	32 
1998	12	-0.7	44 
1999	1	-2.2	91 
1999	2	-2.8	38 
1999	3	0.5	134 
1999	4	6.5	50 
1999	5	9.7	43 
1999	6	14.1	149 
1999	7	17.5	67 
1999	8	16.2	34 
1999	9	14.5	162 
1999	10	6.6	98 
1999	11	4.2	29 
1999	12	-2.3	77 
2000	1	-0.5	30 
2000	2	-0.8	34 
2000	3	1.9	29 
2000	4	6	80 
2000	5	12.7	92 
2000	6	13.5	76 
2000	7	16.4	76 
2000	8	15.6	136 
2000	9	11.4	53 
2000	10	9.8	199 
2000	11	6	279 
2000	12	1.7	93 
2001	1	-3.2	83 
2001	2	-5.2	27 
2001	3	-1.9	46 
2001	4	4.3	85 
2001	5	11.9	78 
2001	6	14.7	43 
2001	7	17.8	82 
2001	8	16.1	95 
2001	9	12	72 
2001	10	8.9	144 
2001	11	2.1	38 
2001	12	-3	32 
2002	1	-3.1	74 
2002	2	0.6	62 
2002	3	2	35 
2002	4	6.9	43 
2002	5	12.9	100 
2002	6	16.6	68 
2002	7	17.4	142 
2002	8	20.2	42 
2002	9	13.2	98 
2002	10	3.8	99 
2002	11	-1	77 
2002	12	-5.6	31 
2003	1	-4	39 
2003	2	-2.8	56 
2003	3	1.4	29 
2003	4	5.8	48 
2003	5	10.1	93 
2003	6	16.4	79 
2003	7	18.9	114 
2003	8	17.5	68 
2003	9	12.6	62 
2003	10	3.9	31 
2003	11	2.9	65 
2003	12	0.7	59 
2004	1	-3.8	104 
2004	2	-1.5	26 
2004	3	1.7	39 
2004	4	7.4	56 
2004	5	12.4	43 
2004	6	14.3	81 
2004	7	16.1	53 
2004	8	18.1	81 
2004	9	12.6	104 
2004	10	6.7	104 
2004	11	1.2	46 
2004	12	0.4	35 
2005	1	1.7	37 
2005	2	-1.2	12 
2005	3	-2	25 
2005	4	6.2	31 
2005	5	9.4	95 
2005	6	14.1	44 
2005	7	18.5	85 
2005	8	15.4	115 
2005	9	11.6	40 
2005	10	6.9	92 
2005	11	4.5	118 
2005	12	-1.4	42 
2006	1	-2.7	44 
2006	2	-3.6	65 
2006	3	-3.3	49 
2006	4	4.6	54 
2006	5	12	80 
2006	6	15.9	60 
2006	7	20.1	36 
2006	8	18.1	126 
2006	9	15.2	59 
2006	10	8.8	163 
2006	11	4	143 
2006	12	2.7	77 
2007	1	-0.9	75 
2007	2	-3.1	40 
2007	3	4.1	32 
2007	4	7.6	46 
2007	5	11	87 
2007	6	17.1	125 
2007	7	16.2	169 
2007	8	16.8	67 
2007	9	11.1	67 
2007	10	7.1	19 
2007	11	1.6	87 
2007	12	-1.4	55 
2008	1	0.9	110 
2008	2	2	77 
2008	3	0.9	79 
2008	4	6.8	71 
2008	5	12.2	22 
2008	6	16.1	55 
2008	7	18.4	141 
2008	8	15.6	174 
2008	9	11.1	46 
2008	10	7.1	131 
2008	11	2.2	72 
2008	12	-0.9	33 
2009	1	-2.3	63 
2009	2	-5.1	63 
2009	3	1.1	55 
2009	4	7.8	50 
2009	5	12.1	59 
2009	6	15.9	31 
2009	7	17.7	156 
2009	8	16.4	137 
2009	9	13.2	35 
2009	10	4.6	57 
2009	11	4	128 
2009	12	-3.6	68 
2010	1	-8	13 
2010	2	-6.6	41 
2010	3	0.2	39 
2010	4	6	58 
2010	5	11	36 
2010	6	15.5	74 
2010	7	18.2	109 
2010	8	16.4	155 
2010	9	11.5	82 
2010	10	5.8	77 
2010	11	-1.5	29 
2010	12	-9.5	16 
2011	1	-3.6	45 
2011	2	-4.9	56 
2011	3	0.7	17 
2011	4	9.2	38 
2011	5	10.9	68 
2011	6	16	161 
2011	7	18.1	110 
2011	8	16.4	180 
2011	9	12.8	145 
2011	10	7.9	75 
2011	11	4.8	21 
2011	12	1	81 
2012	1	-2.3	55 
2012	2	-2.5	18 
2012	3	5.7	17 
2012	4	5	70 
2012	5	12.4	67 
2012	6	13.7	101 
2012	7	16.5	144 
2012	8	16.3	100 
2012	9	11.5	89 
2012	10	5.5	119 
2012	11	3.4	140 
2012	12	-5.3	60 
2013	1	-5	41 
2013	2	-3.4	19 
2013	3	-2.2	8 
2013	4	4.3	41 
2013	5	12.8	90 
2013	6	15.3	134 
2013	7	18.6	23 
2013	8	16.5	108 
2013	9	12.2	43 
2013	10	7.4	91 
2013	11	2.5	51 
2013	12	1.9	108 
2014	1	-2.3	67 
2014	2	1.8	120 
2014	3	4.3	54 
2014	4	7.8	59 
2014	5	11.9	56 
2014	6	16	98 
2014	7	20.9	50 
2014	8	16.2	119 
2014	9	13.3	43 
2014	10	9.2	214 
