Gridded monthly values for the period 1.1967 - 10.2014

UTM coordinates: 231900 E, 6623928 N

Elevation of grid point: 80 meters above sea level

Real elevation: NA meters above sea level

Elements:	Mean temperature in *C (TAM)
		Accumulated precipitation in mm (RR)


Year	Month	TAM	RR 
1967	1	-8.5	95 
1967	2	-4.2	119 
1967	3	2	55 
1967	4	3.8	70 
1967	5	8.2	115 
1967	6	14.3	46 
1967	7	16.1	29 
1967	8	15.1	146 
1967	9	10.9	103 
1967	10	6.4	219 
1967	11	3.1	182 
1967	12	-4.1	101 
1968	1	-8.6	72 
1968	2	-7.4	99 
1968	3	-0.2	39 
1968	4	5.1	40 
1968	5	8.8	76 
1968	6	15.6	122 
1968	7	15.7	70 
1968	8	15.6	29 
1968	9	11.5	168 
1968	10	4.9	131 
1968	11	-3.4	74 
1968	12	-5.2	42 
1969	1	-3.6	201 
1969	2	-8.8	41 
1969	3	-5.3	4 
1969	4	3.6	109 
1969	5	9	72 
1969	6	16.4	32 
1969	7	16.8	78 
1969	8	17.1	72 
1969	9	11.2	73 
1969	10	6.8	33 
1969	11	-2.1	97 
1969	12	-5.5	38 
1970	1	-8.9	55 
1970	2	-12.9	50 
1970	3	-2.4	47 
1970	4	1.6	78 
1970	5	10.8	10 
1970	6	17.5	62 
1970	7	14.5	158 
1970	8	15.3	72 
1970	9	9.7	93 
1970	10	6	141 
1970	11	-1.7	279 
1970	12	-2.3	38 
1971	1	-3.4	77 
1971	2	-0.3	64 
1971	3	-2.7	65 
1971	4	3.9	35 
1971	5	10.5	65 
1971	6	13.6	69 
1971	7	16.4	119 
1971	8	14.2	66 
1971	9	10.5	26 
1971	10	6.1	44 
1971	11	-0.8	102 
1971	12	0.7	53 
1972	1	-7	41 
1972	2	-4.2	59 
1972	3	-1.2	114 
1972	4	4.1	88 
1972	5	10.4	66 
1972	6	13.1	126 
1972	7	17.8	87 
1972	8	13.9	113 
1972	9	9.2	71 
1972	10	5.8	19 
1972	11	1	12 
1972	12	0.9	79 
1973	1	-0.4	47 
1973	2	-0.6	40 
1973	3	2.7	20 
1973	4	3.5	58 
1973	5	9.7	93 
1973	6	14.9	40 
1973	7	17.8	75 
1973	8	14.3	78 
1973	9	9.8	129 
1973	10	2.8	10 
1973	11	-1.5	71 
1973	12	-3.6	77 
1974	1	-0.2	123 
1974	2	-0.3	54 
1974	3	-0.1	46 
1974	4	6.2	0 
1974	5	10.6	38 
1974	6	14.3	48 
1974	7	15	86 
1974	8	14.7	39 
1974	9	11	227 
1974	10	4.8	159 
1974	11	1.1	183 
1974	12	-1.6	63 
1975	1	0.1	175 
1975	2	-5.2	21 
1975	3	-0.3	40 
1975	4	3.4	31 
1975	5	10.4	34 
1975	6	13.7	29 
1975	7	17.8	35 
1975	8	18.1	116 
1975	9	11.3	139 
1975	10	6.2	85 
1975	11	2.3	84 
1975	12	0.9	47 
1976	1	-5.3	28 
1976	2	-3.8	66 
1976	3	-2	7 
1976	4	4.6	19 
1976	5	10.4	66 
1976	6	15.1	26 
1976	7	18.1	26 
1976	8	16.7	16 
1976	9	9	86 
1976	10	4.5	317 
1976	11	0.5	140 
1976	12	-5.4	79 
1977	1	-5.1	129 
1977	2	-8	96 
1977	3	-0.6	91 
1977	4	1.6	101 
1977	5	10.6	32 
1977	6	14.9	116 
1977	7	15.9	76 
1977	8	14.8	57 
1977	9	8.9	76 
1977	10	6.4	83 
1977	11	1.3	138 
1977	12	-2.6	91 
1978	1	-3.2	94 
1978	2	-8.3	64 
1978	3	-2.5	122 
1978	4	2.8	27 
1978	5	10.3	30 
1978	6	15.7	47 
1978	7	14.7	184 
1978	8	14.5	107 
1978	9	8.5	93 
1978	10	5.5	43 
1978	11	3.9	31 
1978	12	-8.7	32 
1979	1	-9.5	21 
1979	2	-8.3	14 
1979	3	-1.3	145 
1979	4	3.4	100 
1979	5	7.9	88 
1979	6	15.6	64 
1979	7	15.3	71 
1979	8	13.5	110 
1979	9	10.2	44 
1979	10	4	100 
1979	11	-0.9	140 
1979	12	-4.2	60 
1980	1	-8	36 
1980	2	-9.7	26 
1980	3	-3.7	40 
1980	4	4.2	9 
1980	5	11.6	113 
1980	6	15.4	105 
1980	7	16.4	48 
1980	8	14.7	69 
1980	9	10.9	75 
1980	10	4	150 
1980	11	-2.7	33 
1980	12	-2.4	58 
1981	1	-4.9	17 
1981	2	-4.4	20 
1981	3	-3	80 
1981	4	4	3 
1981	5	11.2	96 
1981	6	13	94 
1981	7	15.8	98 
1981	8	14.8	13 
1981	9	11.7	100 
1981	10	4.7	115 
1981	11	0.1	141 
1981	12	-10.1	76 
1982	1	-9	34 
1982	2	-5	33 
1982	3	0.7	129 
1982	4	4.8	28 
1982	5	9.3	112 
1982	6	14	34 
1982	7	17.3	42 
1982	8	15.9	86 
1982	9	11.4	145 
1982	10	5.9	148 
1982	11	1.8	161 
1982	12	-2.7	134 
1983	1	0.7	28 
1983	2	-6	26 
1983	3	1	78 
1983	4	4.6	66 
1983	5	9.7	148 
1983	6	13.9	36 
1983	7	17.7	34 
1983	8	16.1	21 
1983	9	11	229 
1983	10	6.3	114 
1983	11	1	23 
1983	12	-1.5	54 
1984	1	-5.9	131 
1984	2	-4.1	50 
1984	3	-2.4	37 
1984	4	4.4	38 
1984	5	11.7	79 
1984	6	14.7	137 
1984	7	16.1	73 
1984	8	16	57 
1984	9	9.6	116 
1984	10	6.9	202 
1984	11	2.9	138 
1984	12	0.7	89 
1985	1	-9.5	60 
1985	2	-10.9	36 
1985	3	-1	117 
1985	4	2.1	91 
1985	5	10.8	34 
1985	6	14.2	72 
1985	7	15.9	105 
1985	8	14.2	178 
1985	9	8.4	143 
1985	10	6.4	33 
1985	11	-1.7	82 
1985	12	-7.9	117 
1986	1	-9.7	114 
1986	2	-9.8	3 
1986	3	-0.4	82 
1986	4	2.3	37 
1986	5	10.5	96 
1986	6	15.7	61 
1986	7	16.5	38 
1986	8	12.9	260 
1986	9	8.3	22 
1986	10	5.8	125 
1986	11	3.6	99 
1986	12	-1.3	155 
1987	1	-13.3	40 
1987	2	-5.6	51 
1987	3	-6.1	132 
1987	4	3.8	39 
1987	5	9.1	56 
1987	6	11.6	126 
1987	7	16.5	76 
1987	8	12.8	104 
1987	9	8.6	97 
1987	10	7.1	259 
1987	11	0.5	97 
1987	12	-3.3	26 
1988	1	0.4	205 
1988	2	-1.6	188 
1988	3	-2.2	161 
1988	4	2.5	43 
1988	5	11.3	20 
1988	6	17.9	25 
1988	7	16	231 
1988	8	14.6	156 
1988	9	11.6	127 
1988	10	4.4	94 
1988	11	-0.9	26 
1988	12	-3.9	41 
1989	1	2.4	4 
1989	2	2.6	100 
1989	3	2.7	95 
1989	4	4.8	84 
1989	5	10.8	27 
1989	6	14.8	63 
1989	7	17	57 
1989	8	13.6	103 
1989	9	10.4	37 
1989	10	5.9	89 
1989	11	2.4	112 
1989	12	-3.2	42 
1990	1	0.5	109 
1990	2	3.6	151 
1990	3	4.1	18 
1990	4	6.1	74 
1990	5	12	18 
1990	6	14.9	109 
1990	7	16.2	89 
1990	8	15.6	83 
1990	9	9.7	51 
1990	10	5.3	122 
1990	11	-1	40 
1990	12	-1.7	130 
1991	1	-4.6	93 
1991	2	-5.9	47 
1991	3	1	94 
1991	4	4.7	21 
1991	5	10.4	5 
1991	6	11.2	119 
1991	7	17.6	85 
1991	8	16.1	60 
1991	9	10.7	102 
1991	10	5.1	60 
1991	11	1.7	180 
1991	12	-0.5	30 
1992	1	-0.5	19 
1992	2	-0.8	28 
1992	3	2.6	81 
1992	4	3.8	96 
1992	5	12.5	50 
1992	6	17.6	7 
1992	7	16.2	82 
1992	8	13.6	139 
1992	9	10.3	89 
1992	10	2.8	56 
1992	11	-0.3	184 
1992	12	-1.7	74 
1993	1	-0.6	55 
1993	2	-0.9	30 
1993	3	-0.1	7 
1993	4	5.1	40 
1993	5	12.3	89 
1993	6	13.4	54 
1993	7	14.6	103 
1993	8	12.7	94 
1993	9	8.1	42 
1993	10	3.9	169 
1993	11	-0.7	168 
1993	12	-4.2	111 
1994	1	-5.4	131 
1994	2	-9.7	49 
1994	3	-0.8	81 
1994	4	5	117 
1994	5	10.4	13 
1994	6	14.1	70 
1994	7	19.3	15 
1994	8	15.4	210 
1994	9	9.5	123 
1994	10	4	71 
1994	11	1.1	71 
1994	12	-1.2	143 
1995	1	-3.5	132 
1995	2	-1.2	85 
1995	3	0.3	95 
1995	4	3.3	52 
1995	5	8.9	53 
1995	6	14.5	143 
1995	7	15.5	102 
1995	8	16.8	15 
1995	9	10.4	189 
1995	10	7.9	43 
1995	11	-0.9	25 
1995	12	-7.5	15 
1996	1	-6.2	74 
1996	2	-8.6	46 
1996	3	-2.5	2 
1996	4	3.5	16 
1996	5	8.1	120 
1996	6	14.2	44 
1996	7	15	57 
1996	8	16.5	99 
1996	9	8.4	103 
1996	10	6.7	120 
1996	11	-0.7	101 
1996	12	-5.7	68 
1997	1	-6.2	10 
1997	2	-1.2	74 
1997	3	0.7	14 
1997	4	3.9	9 
1997	5	8.6	66 
1997	6	15.2	121 
1997	7	18.2	47 
1997	8	18.7	82 
1997	9	10.8	115 
1997	10	3.2	71 
1997	11	0.9	141 
1997	12	-1.7	100 
1998	1	-1.7	86 
1998	2	0.2	30 
1998	3	-0.9	51 
1998	4	3	190 
1998	5	10.6	20 
1998	6	12.9	144 
1998	7	14.9	94 
1998	8	13.4	66 
1998	9	11.4	150 
1998	10	4.3	161 
1998	11	-1.4	57 
1998	12	-1.8	43 
1999	1	-2.8	117 
1999	2	-3.6	34 
1999	3	-0.4	173 
1999	4	4.7	80 
1999	5	8.7	73 
1999	6	13.3	197 
1999	7	16.4	79 
1999	8	14.5	28 
1999	9	13.1	206 
1999	10	5.2	86 
1999	11	3.4	29 
1999	12	-3	101 
2000	1	-0.5	27 
2000	2	-0.8	29 
2000	3	0.7	31 
2000	4	4.5	87 
2000	5	11.6	113 
2000	6	12.5	81 
2000	7	15.6	114 
2000	8	14	109 
2000	9	9.1	50 
2000	10	8.8	276 
2000	11	5.2	471 
2000	12	0.7	110 
2001	1	-4.6	153 
2001	2	-6.2	32 
2001	3	-4.5	44 
2001	4	2.8	132 
2001	5	11	66 
2001	6	13.8	59 
2001	7	16.9	81 
2001	8	14.5	127 
2001	9	10.4	126 
2001	10	7.7	198 
2001	11	1.6	47 
2001	12	-4	54 
2002	1	-4.3	69 
2002	2	-0.8	68 
2002	3	0.9	22 
2002	4	5.7	52 
2002	5	11.4	141 
2002	6	15.1	80 
2002	7	16.2	156 
2002	8	18	68 
2002	9	12.1	65 
2002	10	3.1	145 
2002	11	-2.2	83 
2002	12	-7.6	30 
2003	1	-5.8	39 
2003	2	-4.5	45 
2003	3	-0.3	34 
2003	4	4.1	67 
2003	5	9.3	132 
2003	6	15.2	59 
2003	7	17.6	85 
2003	8	16.2	61 
2003	9	11.2	71 
2003	10	2.4	30 
2003	11	1.8	101 
2003	12	0.3	76 
2004	1	-4.8	128 
2004	2	-2.5	29 
2004	3	0.9	44 
2004	4	6.6	80 
2004	5	11.8	69 
2004	6	13.9	124 
2004	7	14.9	95 
2004	8	16.9	92 
2004	9	12	87 
2004	10	6.1	167 
2004	11	0.7	57 
2004	12	-0.1	39 
2005	1	1.6	27 
2005	2	-1.6	19 
2005	3	-3	27 
2005	4	5	31 
2005	5	8.9	82 
2005	6	13.4	78 
2005	7	17.4	67 
2005	8	14.7	107 
2005	9	10.7	30 
2005	10	6	95 
2005	11	4	128 
2005	12	-1.8	73 
2006	1	-3.4	51 
2006	2	-4.5	87 
2006	3	-4.6	56 
2006	4	4	45 
2006	5	11.2	138 
2006	6	15.4	42 
2006	7	19.6	33 
2006	8	17.1	182 
2006	9	14.6	60 
2006	10	8.2	163 
2006	11	3.2	139 
2006	12	2.6	67 
2007	1	-1.3	90 
2007	2	-3.5	67 
2007	3	3.5	46 
2007	4	7.2	33 
2007	5	10.6	112 
2007	6	16.3	171 
2007	7	15.6	231 
2007	8	16.2	87 
2007	9	11	67 
2007	10	6.7	22 
2007	11	1.4	58 
2007	12	-2.2	108 
2008	1	0.7	166 
2008	2	1.8	74 
2008	3	0.5	149 
2008	4	5.8	94 
2008	5	11.5	42 
2008	6	15.1	80 
2008	7	17.7	102 
2008	8	15.2	169 
2008	9	10.5	55 
2008	10	6.8	110 
2008	11	1.6	96 
2008	12	-2	43 
2009	1	-2.6	123 
2009	2	-6.4	70 
2009	3	0.3	70 
2009	4	6.5	51 
2009	5	11.3	61 
2009	6	15.1	47 
2009	7	17.1	227 
2009	8	15.7	146 
2009	9	12.8	41 
2009	10	3.7	79 
2009	11	3.1	138 
2009	12	-4.7	117 
2010	1	-9.1	23 
2010	2	-7.9	64 
2010	3	-0.7	49 
2010	4	5.2	49 
2010	5	10.1	75 
2010	6	14.7	48 
2010	7	17.3	126 
2010	8	15.7	207 
2010	9	10.9	64 
2010	10	5	94 
2010	11	-2.3	65 
2010	12	-11.7	31 
2011	1	-5.3	58 
2011	2	-5.4	59 
2011	3	0.3	17 
2011	4	8.2	47 
2011	5	10.7	81 
2011	6	15.2	164 
2011	7	16.9	171 
2011	8	15.4	175 
2011	9	12.1	149 
2011	10	7.7	66 
2011	11	4.1	23 
2011	12	0.4	120 
2012	1	-2.7	93 
2012	2	-3	7 
2012	3	5.4	14 
2012	4	4.5	112 
2012	5	11.9	76 
2012	6	13.1	109 
2012	7	15.9	113 
2012	8	15.5	143 
2012	9	11.1	89 
2012	10	5	153 
2012	11	3.1	154 
2012	12	-5.8	93 
2013	1	-5.7	27 
2013	2	-4.1	14 
2013	3	-3.2	6 
2013	4	3.6	44 
2013	5	11.7	149 
2013	6	14.9	139 
2013	7	17.8	17 
2013	8	15.7	111 
2013	9	11.6	120 
2013	10	6.9	109 
2013	11	2	57 
2013	12	1.7	162 
2014	1	-2.2	142 
2014	2	1.4	161 
2014	3	4.1	51 
2014	4	7.3	41 
2014	5	11.3	60 
2014	6	15.4	63 
2014	7	19.9	52 
2014	8	15.4	96 
2014	9	12.6	57 
2014	10	8.6	246 
