Gridded monthly values for the period 1.1967 - 10.2014

UTM coordinates: 238031 E, 6574055 N

Elevation of grid point: 4 meters above sea level

Real elevation: NA meters above sea level

Elements:	Mean temperature in *C (TAM)
		Accumulated precipitation in mm (RR)


Year	Month	TAM	RR 
1967	1	-6.6	103 
1967	2	-3.3	143 
1967	3	2.7	87 
1967	4	4.1	65 
1967	5	8.3	122 
1967	6	14.2	72 
1967	7	15.9	30 
1967	8	15.2	174 
1967	9	11.4	90 
1967	10	7.4	270 
1967	11	4.6	153 
1967	12	-2.9	128 
1968	1	-6.1	81 
1968	2	-5.7	95 
1968	3	0.4	52 
1968	4	4.9	43 
1968	5	8.6	75 
1968	6	15.1	134 
1968	7	15.3	70 
1968	8	15.7	36 
1968	9	11.7	113 
1968	10	5.8	148 
1968	11	-1.6	110 
1968	12	-3.9	76 
1969	1	-2.8	250 
1969	2	-7.1	55 
1969	3	-4.4	9 
1969	4	3.5	100 
1969	5	9.2	72 
1969	6	16.2	62 
1969	7	16.2	77 
1969	8	17.3	76 
1969	9	11.8	105 
1969	10	7.7	60 
1969	11	-0.3	151 
1969	12	-3.3	42 
1970	1	-7.2	46 
1970	2	-12.1	66 
1970	3	-2.3	68 
1970	4	1.3	91 
1970	5	10.8	6 
1970	6	17.3	72 
1970	7	14.5	145 
1970	8	15.4	62 
1970	9	10	107 
1970	10	6.7	169 
1970	11	0.4	325 
1970	12	-0.5	39 
1971	1	-1.7	104 
1971	2	0.3	77 
1971	3	-2.3	78 
1971	4	4	31 
1971	5	10.1	72 
1971	6	13.9	67 
1971	7	16.5	68 
1971	8	14.3	89 
1971	9	10.7	34 
1971	10	6.9	37 
1971	11	0.8	130 
1971	12	2.7	51 
1972	1	-5.7	46 
1972	2	-3.5	75 
1972	3	-1	124 
1972	4	4.4	98 
1972	5	10.5	71 
1972	6	13.3	111 
1972	7	17.6	88 
1972	8	14.3	179 
1972	9	9.2	86 
1972	10	6.2	32 
1972	11	2.2	30 
1972	12	3.1	122 
1973	1	-0.3	85 
1973	2	0.2	77 
1973	3	2.7	35 
1973	4	3.8	65 
1973	5	9.6	124 
1973	6	14.5	48 
1973	7	17.7	94 
1973	8	13.9	91 
1973	9	9.9	148 
1973	10	3.7	18 
1973	11	0.1	100 
1973	12	-1.8	110 
1974	1	1.1	161 
1974	2	0.8	84 
1974	3	0.8	53 
1974	4	6.5	0 
1974	5	10.8	42 
1974	6	14.7	53 
1974	7	15	84 
1974	8	14.9	60 
1974	9	11.9	250 
1974	10	5.1	156 
1974	11	2.6	218 
1974	12	0.8	74 
1975	1	1.5	210 
1975	2	-3	36 
1975	3	0.1	40 
1975	4	3.7	38 
1975	5	10.5	45 
1975	6	13.6	15 
1975	7	17.1	37 
1975	8	18	48 
1975	9	11.8	166 
1975	10	7.2	75 
1975	11	3.3	143 
1975	12	2.5	60 
1976	1	-3	36 
1976	2	-2.5	68 
1976	3	-1.9	9 
1976	4	4.3	25 
1976	5	10.1	73 
1976	6	14.8	28 
1976	7	17.9	25 
1976	8	16.6	7 
1976	9	9.4	90 
1976	10	5.5	326 
1976	11	1.9	199 
1976	12	-3.9	97 
1977	1	-4	168 
1977	2	-7.1	123 
1977	3	-0.3	84 
1977	4	1.9	139 
1977	5	10.7	42 
1977	6	15	79 
1977	7	15.7	86 
1977	8	14.9	38 
1977	9	9.5	98 
1977	10	7.6	102 
1977	11	2.4	174 
1977	12	-0.8	112 
1978	1	-1.1	125 
1978	2	-7	90 
1978	3	-2	169 
1978	4	2.9	26 
1978	5	10.5	32 
1978	6	15.3	30 
1978	7	14.9	148 
1978	8	14.9	103 
1978	9	9.3	106 
1978	10	6.9	40 
1978	11	5.3	39 
1978	12	-6.7	46 
1979	1	-8.1	36 
1979	2	-7.7	13 
1979	3	-1	136 
1979	4	3.2	82 
1979	5	7.6	104 
1979	6	15.2	47 
1979	7	14.9	132 
1979	8	13.8	94 
1979	9	10.3	48 
1979	10	4.8	98 
1979	11	1	219 
1979	12	-2.4	118 
1980	1	-6.6	70 
1980	2	-8.7	63 
1980	3	-3	69 
1980	4	3.9	19 
1980	5	11.6	94 
1980	6	15.4	102 
1980	7	16.6	55 
1980	8	15	98 
1980	9	11.4	106 
1980	10	4.9	225 
1980	11	-0.7	69 
1980	12	-0.2	75 
1981	1	-2.9	22 
1981	2	-2.7	29 
1981	3	-2.7	103 
1981	4	3.9	10 
1981	5	11.2	112 
1981	6	12.7	122 
1981	7	15.8	124 
1981	8	14.5	13 
1981	9	11.8	114 
1981	10	5.4	144 
1981	11	2	181 
1981	12	-8.4	82 
1982	1	-7.7	43 
1982	2	-3.7	54 
1982	3	1.4	143 
1982	4	5.1	31 
1982	5	9.2	133 
1982	6	14	14 
1982	7	17.4	27 
1982	8	16	126 
1982	9	11.7	105 
1982	10	7	149 
1982	11	3.7	220 
1982	12	-0.3	184 
1983	1	2.2	51 
1983	2	-4.7	28 
1983	3	1	91 
1983	4	5	64 
1983	5	9.8	131 
1983	6	13.9	41 
1983	7	17.3	46 
1983	8	16	31 
1983	9	11.7	188 
1983	10	7	126 
1983	11	2.5	33 
1983	12	-0.2	86 
1984	1	-3.9	169 
1984	2	-3.1	38 
1984	3	-1.8	41 
1984	4	4.6	31 
1984	5	12	60 
1984	6	14.8	100 
1984	7	15.7	72 
1984	8	15.7	51 
1984	9	9.5	132 
1984	10	8.1	220 
1984	11	3.6	114 
1984	12	1.7	130 
1985	1	-8.9	72 
1985	2	-10	49 
1985	3	-0.8	138 
1985	4	1.8	127 
1985	5	11.1	38 
1985	6	14.1	54 
1985	7	15.7	145 
1985	8	14.4	180 
1985	9	8.6	136 
1985	10	7.2	69 
1985	11	-0.7	129 
1985	12	-5.9	160 
1986	1	-7.6	168 
1986	2	-8.4	2 
1986	3	-0.2	120 
1986	4	1.9	45 
1986	5	10.2	96 
1986	6	15.2	53 
1986	7	16	33 
1986	8	13	304 
1986	9	8.2	31 
1986	10	6.7	153 
1986	11	4.9	132 
1986	12	0.1	161 
1987	1	-10.8	29 
1987	2	-4.4	78 
1987	3	-5.7	168 
1987	4	3.9	58 
1987	5	9	64 
1987	6	11.4	136 
1987	7	16.1	57 
1987	8	12.9	112 
1987	9	9	140 
1987	10	7.5	296 
1987	11	1.3	147 
1987	12	-1.7	35 
1988	1	1.3	275 
1988	2	-0.9	182 
1988	3	-1.7	235 
1988	4	2.6	60 
1988	5	11.7	38 
1988	6	17.9	49 
1988	7	16.4	212 
1988	8	14.7	187 
1988	9	12.1	99 
1988	10	5.6	120 
1988	11	0.6	34 
1988	12	-1.5	54 
1989	1	4	13 
1989	2	3.3	92 
1989	3	3.2	140 
1989	4	4.7	115 
1989	5	11	19 
1989	6	14.9	49 
1989	7	16.7	83 
1989	8	13.8	135 
1989	9	10.7	71 
1989	10	6.9	91 
1989	11	3.4	94 
1989	12	-1.4	77 
1990	1	1.5	139 
1990	2	4.1	192 
1990	3	4.4	26 
1990	4	6.3	83 
1990	5	11.9	17 
1990	6	14.9	91 
1990	7	16.5	88 
1990	8	15.6	97 
1990	9	10.2	62 
1990	10	6.4	97 
1990	11	0.6	45 
1990	12	0.2	165 
1991	1	-2.4	139 
1991	2	-4.1	37 
1991	3	1.4	92 
1991	4	4.8	18 
1991	5	10.3	2 
1991	6	11.8	92 
1991	7	17.3	52 
1991	8	16.6	58 
1991	9	11.3	103 
1991	10	6.4	111 
1991	11	3.6	204 
1991	12	2.2	38 
1992	1	0.8	31 
1992	2	0.7	31 
1992	3	2.8	100 
1992	4	3.8	92 
1992	5	12.2	63 
1992	6	17.8	7 
1992	7	16.5	49 
1992	8	14.1	145 
1992	9	10.8	84 
1992	10	3.6	77 
1992	11	1.8	254 
1992	12	0.2	102 
1993	1	0.6	83 
1993	2	0.3	45 
1993	3	0.6	13 
1993	4	5.2	44 
1993	5	12.8	69 
1993	6	13.3	72 
1993	7	14.4	100 
1993	8	12.9	86 
1993	9	8.5	49 
1993	10	4.7	222 
1993	11	0.3	124 
1993	12	-2.5	174 
1994	1	-3.8	179 
1994	2	-8.5	115 
1994	3	-0.6	96 
1994	4	5.3	79 
1994	5	10.5	12 
1994	6	13.3	66 
1994	7	19.1	9 
1994	8	15.9	200 
1994	9	10.6	168 
1994	10	6.5	78 
1994	11	4	67 
1994	12	2.8	156 
1995	1	-0.3	134 
1995	2	1.4	125 
1995	3	1.9	103 
1995	4	4.3	46 
1995	5	8.9	48 
1995	6	14.5	105 
1995	7	16.3	58 
1995	8	18	30 
1995	9	12	179 
1995	10	10	63 
1995	11	2.1	27 
1995	12	-4	24 
1996	1	-3.9	69 
1996	2	-5.6	46 
1996	3	-0.5	1 
1996	4	3.9	21 
1996	5	8	73 
1996	6	13.4	37 
1996	7	15.4	44 
1996	8	17.5	117 
1996	9	11	92 
1996	10	9	128 
1996	11	2.8	114 
1996	12	-2	70 
1997	1	-2.6	17 
1997	2	0.9	118 
1997	3	2.7	23 
1997	4	4.8	13 
1997	5	8.9	72 
1997	6	15.6	84 
1997	7	18.8	92 
1997	8	20	72 
1997	9	13.6	102 
1997	10	6.7	94 
1997	11	3.3	103 
1997	12	0.2	97 
1998	1	0.6	89 
1998	2	2.7	55 
1998	3	1.5	35 
1998	4	4.1	153 
1998	5	10.7	21 
1998	6	13.2	112 
1998	7	15.4	77 
1998	8	14.8	80 
1998	9	12.8	112 
1998	10	7.1	132 
1998	11	0.5	76 
1998	12	1.4	54 
1999	1	-0.8	148 
1999	2	-0.9	40 
1999	3	1.1	176 
1999	4	6	76 
1999	5	9	77 
1999	6	13.6	167 
1999	7	17	75 
1999	8	15.7	63 
1999	9	14.1	188 
1999	10	7.4	106 
1999	11	5.1	65 
1999	12	-1.1	145 
2000	1	0.8	46 
2000	2	1.1	52 
2000	3	2.4	46 
2000	4	5.6	107 
2000	5	12.1	92 
2000	6	13.2	55 
2000	7	15.8	107 
2000	8	15	115 
2000	9	11.4	61 
2000	10	10.1	298 
2000	11	6.5	458 
2000	12	2.3	153 
2001	1	-3.1	206 
2001	2	-4	37 
2001	3	-2.4	50 
2001	4	4	146 
2001	5	11.3	37 
2001	6	14.1	51 
2001	7	17.4	82 
2001	8	16	115 
2001	9	11.9	131 
2001	10	10	164 
2001	11	3.6	57 
2001	12	-2.6	75 
2002	1	-1.8	101 
2002	2	1.7	80 
2002	3	2.6	31 
2002	4	6.5	49 
2002	5	12.2	123 
2002	6	15.8	64 
2002	7	16.8	148 
2002	8	19.4	52 
2002	9	13.5	46 
2002	10	4.6	189 
2002	11	-0.3	149 
2002	12	-5.6	83 
2003	1	-3.4	53 
2003	2	-2.1	65 
2003	3	1.3	67 
2003	4	5.3	116 
2003	5	9.8	111 
2003	6	15.8	86 
2003	7	18.3	94 
2003	8	17.3	40 
2003	9	13	43 
2003	10	4.6	57 
2003	11	3.4	123 
2003	12	2.1	117 
2004	1	-2.8	199 
2004	2	-1.5	51 
2004	3	1.5	83 
2004	4	6.6	86 
2004	5	11.9	68 
2004	6	14.2	117 
2004	7	15.4	107 
2004	8	17.5	159 
2004	9	12.7	125 
2004	10	7.2	207 
2004	11	2.3	90 
2004	12	1.8	79 
2005	1	2.3	60 
2005	2	-0.9	37 
2005	3	-2.3	27 
2005	4	5.3	37 
2005	5	9.1	95 
2005	6	13.7	69 
2005	7	17.7	131 
2005	8	15.1	111 
2005	9	11.6	46 
2005	10	7.3	134 
2005	11	5.2	149 
2005	12	-0.5	121 
2006	1	-2.5	87 
2006	2	-4.4	134 
2006	3	-4.1	102 
2006	4	4.3	73 
2006	5	11.4	176 
2006	6	15	53 
2006	7	19.2	35 
2006	8	17.5	188 
2006	9	14.9	85 
2006	10	9.2	250 
2006	11	5.4	212 
2006	12	4.2	144 
2007	1	0.8	122 
2007	2	-2.2	74 
2007	3	4	74 
2007	4	7.5	35 
2007	5	10.4	96 
2007	6	16.4	131 
2007	7	15.7	198 
2007	8	16.4	103 
2007	9	11.7	83 
2007	10	7.7	41 
2007	11	2.8	81 
2007	12	-0.4	137 
2008	1	2.1	213 
2008	2	3	98 
2008	3	1.4	149 
2008	4	6.1	71 
2008	5	11.6	23 
2008	6	15.5	164 
2008	7	17.9	71 
2008	8	15.8	189 
2008	9	11.5	104 
2008	10	8	250 
2008	11	3.1	137 
2008	12	-0.5	62 
2009	1	-0.9	144 
2009	2	-4.9	101 
2009	3	1.1	121 
2009	4	7.1	48 
2009	5	11.6	82 
2009	6	15.3	50 
2009	7	17.3	127 
2009	8	16.2	127 
2009	9	13.4	70 
2009	10	5	101 
2009	11	4.7	205 
2009	12	-3	151 
2010	1	-7.8	21 
2010	2	-6.8	73 
2010	3	-0.2	45 
2010	4	5.7	59 
2010	5	10.5	44 
2010	6	14.9	47 
2010	7	17.6	107 
2010	8	16.3	156 
2010	9	11.7	84 
2010	10	6.2	139 
2010	11	-0.6	80 
2010	12	-9.9	41 
2011	1	-4.3	99 
2011	2	-4.1	77 
2011	3	1.1	22 
2011	4	8.3	50 
2011	5	10.9	79 
2011	6	15.3	81 
2011	7	17.4	115 
2011	8	16.1	198 
2011	9	13.1	237 
2011	10	9.1	86 
2011	11	5.6	24 
2011	12	2.3	151 
2012	1	-0.7	107 
2012	2	-1.6	15 
2012	3	6.2	20 
2012	4	5	141 
2012	5	11.9	80 
2012	6	13.3	140 
2012	7	16.1	115 
2012	8	16	126 
2012	9	11.7	136 
2012	10	6.1	178 
2012	11	4.5	192 
2012	12	-4.7	177 
2013	1	-3.9	66 
2013	2	-3.1	33 
2013	3	-2.2	16 
2013	4	4	77 
2013	5	11.6	148 
2013	6	14.7	170 
2013	7	17.9	69 
2013	8	16.3	121 
2013	9	12.2	161 
2013	10	8.1	144 
2013	11	3.4	68 
2013	12	3.5	214 
2014	1	-1	205 
2014	2	2.2	207 
2014	3	4.5	82 
2014	4	7.6	100 
2014	5	11.4	56 
2014	6	15.5	48 
2014	7	20.2	49 
2014	8	16	234 
2014	9	13.1	56 
2014	10	10	353 
