Gridded monthly values for the period 1.1967 - 10.2014

UTM coordinates: 283569 E, 6611689 N

Elevation of grid point: 141 meters above sea level

Real elevation: NA meters above sea level

Elements:	Mean temperature in *C (TAM)
		Accumulated precipitation in mm (RR)


Year	Month	TAM	RR 
1967	1	-9.2	53 
1967	2	-4.6	88 
1967	3	1.3	87 
1967	4	3	46 
1967	5	8	104 
1967	6	13.2	81 
1967	7	14.7	52 
1967	8	14	96 
1967	9	9.9	107 
1967	10	6.2	243 
1967	11	3.3	115 
1967	12	-5.1	73 
1968	1	-8.9	45 
1968	2	-7.6	56 
1968	3	-1.4	60 
1968	4	3.8	51 
1968	5	7.7	67 
1968	6	14.9	109 
1968	7	14.4	64 
1968	8	14.3	43 
1968	9	10.1	58 
1968	10	4.1	124 
1968	11	-4	94 
1968	12	-4.9	39 
1969	1	-4.2	109 
1969	2	-9.4	35 
1969	3	-7	16 
1969	4	2.4	78 
1969	5	8.5	61 
1969	6	15.7	28 
1969	7	15.4	69 
1969	8	16.4	44 
1969	9	10	101 
1969	10	6.2	43 
1969	11	-2.9	106 
1969	12	-5.5	31 
1970	1	-8.6	29 
1970	2	-13.1	21 
1970	3	-3.4	37 
1970	4	0.3	76 
1970	5	9.7	20 
1970	6	16.5	59 
1970	7	13.2	147 
1970	8	14.1	39 
1970	9	8.3	101 
1970	10	5.3	119 
1970	11	-1.7	148 
1970	12	-2.3	29 
1971	1	-3.2	65 
1971	2	-1.7	53 
1971	3	-4.1	58 
1971	4	2.9	39 
1971	5	9.8	73 
1971	6	13.3	55 
1971	7	15.8	55 
1971	8	13.5	66 
1971	9	9.5	54 
1971	10	5.6	47 
1971	11	-1.1	82 
1971	12	1	37 
1972	1	-7	25 
1972	2	-4.3	36 
1972	3	-1.4	36 
1972	4	3.5	73 
1972	5	9.9	77 
1972	6	13.2	135 
1972	7	16.9	80 
1972	8	13.4	165 
1972	9	8	61 
1972	10	4.9	26 
1972	11	0.5	25 
1972	12	2.2	114 
1973	1	-1.1	41 
1973	2	-1.5	63 
1973	3	1.4	9 
1973	4	2.4	57 
1973	5	8.9	91 
1973	6	14.3	51 
1973	7	17.1	118 
1973	8	13.1	73 
1973	9	8.4	78 
1973	10	1.7	13 
1973	11	-1.9	54 
1973	12	-3.8	63 
1974	1	0	94 
1974	2	-0.2	72 
1974	3	-0.2	35 
1974	4	5.3	0 
1974	5	10	36 
1974	6	13.7	64 
1974	7	14	109 
1974	8	13.8	44 
1974	9	10.7	195 
1974	10	3.6	92 
1974	11	1.3	141 
1974	12	-0.4	62 
1975	1	0.3	126 
1975	2	-4.5	19 
1975	3	-0.8	28 
1975	4	2.6	26 
1975	5	10.1	45 
1975	6	13	27 
1975	7	16.5	58 
1975	8	17	49 
1975	9	11	150 
1975	10	5.9	78 
1975	11	2.1	112 
1975	12	0.7	45 
1976	1	-6.1	32 
1976	2	-3.8	46 
1976	3	-3.5	5 
1976	4	3.2	21 
1976	5	9.7	45 
1976	6	14	31 
1976	7	17	19 
1976	8	15.3	21 
1976	9	7.9	70 
1976	10	4.4	203 
1976	11	0.8	108 
1976	12	-5.8	49 
1977	1	-5.3	91 
1977	2	-8.5	29 
1977	3	-0.9	63 
1977	4	0.7	93 
1977	5	10	37 
1977	6	14.5	71 
1977	7	14.8	74 
1977	8	13.9	44 
1977	9	8.4	71 
1977	10	6.7	84 
1977	11	0.5	137 
1977	12	-2.3	59 
1978	1	-2.6	60 
1978	2	-9.1	44 
1978	3	-2.7	113 
1978	4	2.3	26 
1978	5	9.8	11 
1978	6	14.4	68 
1978	7	13.9	94 
1978	8	13.4	105 
1978	9	7.5	95 
1978	10	5.6	43 
1978	11	3.7	36 
1978	12	-9.3	24 
1979	1	-9.4	16 
1979	2	-9.6	12 
1979	3	-1.9	132 
1979	4	2.8	74 
1979	5	7.3	83 
1979	6	14.9	76 
1979	7	13.9	91 
1979	8	12.9	93 
1979	9	9.3	53 
1979	10	3.2	103 
1979	11	-0.2	144 
1979	12	-3.7	84 
1980	1	-7.8	22 
1980	2	-10	36 
1980	3	-4.6	34 
1980	4	3.3	10 
1980	5	10.6	75 
1980	6	14.7	136 
1980	7	15.7	59 
1980	8	13.8	117 
1980	9	10.2	91 
1980	10	3.4	178 
1980	11	-2.7	63 
1980	12	-1.7	77 
1981	1	-4.6	24 
1981	2	-5.1	22 
1981	3	-3.9	81 
1981	4	2.7	7 
1981	5	10.5	75 
1981	6	11.8	127 
1981	7	14.8	103 
1981	8	13.4	18 
1981	9	10.7	79 
1981	10	4.1	131 
1981	11	0.3	147 
1981	12	-10.9	32 
1982	1	-10.3	25 
1982	2	-3.7	35 
1982	3	0.4	116 
1982	4	3.9	29 
1982	5	8.4	103 
1982	6	12.9	50 
1982	7	16.5	35 
1982	8	15	107 
1982	9	10.5	114 
1982	10	5.9	92 
1982	11	3	183 
1982	12	-1.1	126 
1983	1	0.7	66 
1983	2	-6.2	18 
1983	3	0.1	51 
1983	4	4.4	60 
1983	5	9.5	87 
1983	6	12.9	31 
1983	7	16.3	66 
1983	8	14.8	26 
1983	9	10.4	135 
1983	10	6.1	102 
1983	11	1.1	20 
1983	12	-1.7	63 
1984	1	-5.6	94 
1984	2	-3.6	27 
1984	3	-3.1	30 
1984	4	3.7	20 
1984	5	11.3	50 
1984	6	13.8	137 
1984	7	14.7	85 
1984	8	15	63 
1984	9	8.4	89 
1984	10	7.1	194 
1984	11	2.7	66 
1984	12	0.8	85 
1985	1	-11.1	56 
1985	2	-13.1	30 
1985	3	-2	73 
1985	4	0.6	71 
1985	5	10.1	29 
1985	6	13	138 
1985	7	14.4	143 
1985	8	13.3	171 
1985	9	7	125 
1985	10	5.8	45 
1985	11	-2.8	75 
1985	12	-7.5	89 
1986	1	-9.5	80 
1986	2	-11.2	2 
1986	3	-1.3	92 
1986	4	0.9	32 
1986	5	9.4	72 
1986	6	14.8	27 
1986	7	15	74 
1986	8	11.8	130 
1986	9	6.1	33 
1986	10	5.1	105 
1986	11	3.6	118 
1986	12	-1.9	88 
1987	1	-13.7	21 
1987	2	-7.3	38 
1987	3	-7.9	98 
1987	4	3	24 
1987	5	8.1	54 
1987	6	10.4	166 
1987	7	15	79 
1987	8	11.6	118 
1987	9	7.6	98 
1987	10	6.6	251 
1987	11	0.1	109 
1987	12	-4.3	33 
1988	1	0.6	152 
1988	2	-1.9	119 
1988	3	-4.1	111 
1988	4	1.4	53 
1988	5	10.4	47 
1988	6	16.7	49 
1988	7	15.3	218 
1988	8	13.7	156 
1988	9	11	123 
1988	10	4.1	101 
1988	11	-2.6	32 
1988	12	-4.2	39 
1989	1	2.6	25 
1989	2	2.2	64 
1989	3	2.4	123 
1989	4	3.9	78 
1989	5	9.5	23 
1989	6	13.6	64 
1989	7	15.5	62 
1989	8	12.9	132 
1989	9	9.8	60 
1989	10	5.5	73 
1989	11	1.7	80 
1989	12	-3.1	53 
1990	1	0.6	128 
1990	2	3.4	164 
1990	3	3.2	28 
1990	4	4.9	68 
1990	5	10.6	10 
1990	6	13.9	89 
1990	7	15.1	77 
1990	8	14.5	92 
1990	9	8.6	58 
1990	10	5.1	96 
1990	11	-1.5	42 
1990	12	-1.8	96 
1991	1	-3.7	89 
1991	2	-5.4	22 
1991	3	0.8	72 
1991	4	3.9	22 
1991	5	9.1	5 
1991	6	10.8	130 
1991	7	16.7	84 
1991	8	15.2	27 
1991	9	9.7	72 
1991	10	5.4	122 
1991	11	2	142 
1991	12	0.2	45 
1992	1	-0.4	21 
1992	2	-0.8	22 
1992	3	1.7	82 
1992	4	2.8	72 
1992	5	11.5	54 
1992	6	16.7	16 
1992	7	15.7	85 
1992	8	13.2	130 
1992	9	9.7	65 
1992	10	2.2	53 
1992	11	0.6	161 
1992	12	-0.7	89 
1993	1	-0.6	74 
1993	2	-1.7	36 
1993	3	-0.8	3 
1993	4	4.5	40 
1993	5	11.9	52 
1993	6	12.4	63 
1993	7	13.8	114 
1993	8	11.9	102 
1993	9	7.2	33 
1993	10	3.5	145 
1993	11	-0.7	70 
1993	12	-3.6	127 
1994	1	-4.6	92 
1994	2	-10.1	22 
1994	3	-1.3	83 
1994	4	4.9	52 
1994	5	9.6	5 
1994	6	12.6	55 
1994	7	18.6	8 
1994	8	15.3	149 
1994	9	9	118 
1994	10	4.2	60 
1994	11	1.3	50 
1994	12	0.2	146 
1995	1	-3.7	105 
1995	2	-1.3	120 
1995	3	0.2	64 
1995	4	2.9	65 
1995	5	8.5	43 
1995	6	14.3	112 
1995	7	15.2	66 
1995	8	16.4	58 
1995	9	10.2	119 
1995	10	8.1	77 
1995	11	-1.2	32 
1995	12	-8	20 
1996	1	-5.6	36 
1996	2	-8.3	35 
1996	3	-2.2	1 
1996	4	3.4	21 
1996	5	7.6	89 
1996	6	13	77 
1996	7	14.5	33 
1996	8	16.7	70 
1996	9	8.5	91 
1996	10	6.9	123 
1996	11	0.5	143 
1996	12	-5.1	55 
1997	1	-5.6	15 
1997	2	-1	107 
1997	3	0.6	23 
1997	4	3.4	14 
1997	5	8.1	79 
1997	6	15	62 
1997	7	17.6	41 
1997	8	18.5	63 
1997	9	11	94 
1997	10	3.3	77 
1997	11	1.1	65 
1997	12	-1.3	73 
1998	1	-1.4	59 
1998	2	0.8	44 
1998	3	-1.1	43 
1998	4	3.4	104 
1998	5	10	21 
1998	6	12.4	141 
1998	7	14.3	72 
1998	8	13.1	113 
1998	9	11.3	100 
1998	10	4.4	116 
1998	11	-2.1	55 
1998	12	-1	66 
1999	1	-2.9	145 
1999	2	-3.5	34 
1999	3	-0.4	142 
1999	4	5	73 
1999	5	8.2	68 
1999	6	12.9	185 
1999	7	16.1	72 
1999	8	14.3	96 
1999	9	12.8	148 
1999	10	5.5	106 
1999	11	3.6	60 
1999	12	-2.9	169 
2000	1	-1.2	50 
2000	2	-1	63 
2000	3	0.3	50 
2000	4	5	83 
2000	5	11.3	104 
2000	6	12.2	64 
2000	7	15.1	129 
2000	8	13.8	96 
2000	9	9.2	52 
2000	10	9	255 
2000	11	5.4	300 
2000	12	1.4	139 
2001	1	-3.8	129 
2001	2	-5.8	36 
2001	3	-3.6	50 
2001	4	3	118 
2001	5	10.4	50 
2001	6	13.3	61 
2001	7	16.4	105 
2001	8	14.5	101 
2001	9	10.4	99 
2001	10	8.1	136 
2001	11	1.7	30 
2001	12	-3.8	45 
2002	1	-3.3	85 
2002	2	0	80 
2002	3	0.7	34 
2002	4	5.4	44 
2002	5	11.5	93 
2002	6	15.1	86 
2002	7	16.2	166 
2002	8	18.4	43 
2002	9	11.1	56 
2002	10	2.8	118 
2002	11	-1.8	94 
2002	12	-7	47 
2003	1	-5.1	62 
2003	2	-3.8	47 
2003	3	0	25 
2003	4	4.1	65 
2003	5	9	114 
2003	6	14.9	101 
2003	7	17.6	121 
2003	8	15.9	46 
2003	9	10.9	48 
2003	10	1.8	32 
2003	11	2.5	86 
2003	12	0.5	105 
2004	1	-4.3	99 
2004	2	-2.5	33 
2004	3	-0.1	56 
2004	4	5.7	60 
2004	5	11.1	35 
2004	6	13.1	93 
2004	7	14.6	73 
2004	8	16.3	117 
2004	9	10.8	143 
2004	10	5.6	151 
2004	11	0.3	80 
2004	12	0.5	67 
2005	1	1.1	75 
2005	2	-2.1	23 
2005	3	-2.9	21 
2005	4	5	31 
2005	5	8.5	94 
2005	6	13.1	57 
2005	7	17.2	79 
2005	8	14.5	93 
2005	9	10.9	59 
2005	10	6.2	104 
2005	11	4.1	131 
2005	12	-1.7	55 
2006	1	-3.6	56 
2006	2	-5.1	82 
2006	3	-5.7	68 
2006	4	3.4	54 
2006	5	10.8	95 
2006	6	14.4	69 
2006	7	18.6	40 
2006	8	16.8	141 
2006	9	14.1	64 
2006	10	8.5	187 
2006	11	3.8	197 
2006	12	3.1	137 
2007	1	-1.1	116 
2007	2	-3.3	37 
2007	3	3.3	53 
2007	4	6.7	42 
2007	5	10	86 
2007	6	16.1	110 
2007	7	15.3	185 
2007	8	15.9	85 
2007	9	10.3	79 
2007	10	6.6	47 
2007	11	1.2	107 
2007	12	-0.8	88 
2008	1	1.2	161 
2008	2	1.9	88 
2008	3	0.4	103 
2008	4	5.9	65 
2008	5	11.1	39 
2008	6	15.1	101 
2008	7	17.4	118 
2008	8	15.1	153 
2008	9	10.4	49 
2008	10	7.1	194 
2008	11	1.9	105 
2008	12	-1.2	45 
2009	1	-2.6	73 
2009	2	-6	68 
2009	3	0.3	57 
2009	4	7	29 
2009	5	11.1	63 
2009	6	14.8	39 
2009	7	16.7	168 
2009	8	15.7	159 
2009	9	12.3	65 
2009	10	3.3	70 
2009	11	4	190 
2009	12	-4.7	87 
2010	1	-10.7	8 
2010	2	-8.3	49 
2010	3	-2.6	42 
2010	4	4.7	59 
2010	5	9.3	89 
2010	6	13.8	54 
2010	7	16.7	144 
2010	8	15.2	169 
2010	9	10.2	87 
2010	10	4.7	92 
2010	11	-2.6	59 
2010	12	-12.4	22 
2011	1	-5.5	55 
2011	2	-6.3	55 
2011	3	-0.6	19 
2011	4	7.6	44 
2011	5	9.9	79 
2011	6	14.6	150 
2011	7	16.5	136 
2011	8	14.9	175 
2011	9	11.9	196 
2011	10	7.3	88 
2011	11	4.3	36 
2011	12	0.4	161 
2012	1	-3.1	76 
2012	2	-3.8	17 
2012	3	4.1	14 
2012	4	3.5	90 
2012	5	10.9	75 
2012	6	12.2	115 
2012	7	15.1	123 
2012	8	14.8	112 
2012	9	10.2	122 
2012	10	4.5	163 
2012	11	3.2	150 
2012	12	-6.4	65 
2013	1	-5.3	43 
2013	2	-4.8	21 
2013	3	-4.2	2 
2013	4	3	68 
2013	5	11.5	112 
2013	6	14.3	141 
2013	7	16.9	30 
2013	8	15.1	84 
2013	9	10.5	47 
2013	10	6.5	125 
2013	11	1.7	76 
2013	12	2.2	177 
2014	1	-2.4	101 
2014	2	1.5	145 
2014	3	3.5	60 
2014	4	6.3	65 
2014	5	10.4	80 
2014	6	14.4	65 
2014	7	19.2	53 
2014	8	14.8	238 
2014	9	11.7	35 
2014	10	8.7	263 
