Gridded monthly values for the period 1.1967 - 10.2014

UTM coordinates: 279460 E, 6655496 N

Elevation of grid point: 120 meters above sea level

Real elevation: NA meters above sea level

Elements:	Mean temperature in *C (TAM)
		Accumulated precipitation in mm (RR)


Year	Month	TAM	RR 
1967	1	-8.2	49 
1967	2	-4	60 
1967	3	1.4	58 
1967	4	3.4	32 
1967	5	8.1	98 
1967	6	13.9	71 
1967	7	15.2	56 
1967	8	14.8	81 
1967	9	10.7	77 
1967	10	6.2	164 
1967	11	3.2	98 
1967	12	-4.3	83 
1968	1	-7.7	42 
1968	2	-6.3	61 
1968	3	-0.6	39 
1968	4	4.8	25 
1968	5	8.1	61 
1968	6	15.3	107 
1968	7	14.9	67 
1968	8	15.3	30 
1968	9	10.8	64 
1968	10	4.2	115 
1968	11	-3.4	77 
1968	12	-4.6	33 
1969	1	-4.2	96 
1969	2	-9	24 
1969	3	-5.2	10 
1969	4	3.2	65 
1969	5	9.2	57 
1969	6	16.5	19 
1969	7	16.1	63 
1969	8	17.5	41 
1969	9	10.7	81 
1969	10	6.5	28 
1969	11	-2.4	81 
1969	12	-5.1	35 
1970	1	-8.7	32 
1970	2	-12	18 
1970	3	-2.5	37 
1970	4	1	76 
1970	5	10.5	12 
1970	6	17.4	59 
1970	7	13.6	141 
1970	8	15.2	51 
1970	9	9.2	90 
1970	10	5.6	91 
1970	11	-1.4	138 
1970	12	-1.8	23 
1971	1	-3	57 
1971	2	-1.3	44 
1971	3	-3.3	57 
1971	4	3.4	30 
1971	5	10.4	57 
1971	6	13.6	46 
1971	7	16.2	70 
1971	8	14.1	53 
1971	9	10.1	45 
1971	10	5.9	38 
1971	11	-1.2	95 
1971	12	0.8	37 
1972	1	-7.1	31 
1972	2	-4.2	51 
1972	3	-1	43 
1972	4	3.9	67 
1972	5	10.4	67 
1972	6	13.4	113 
1972	7	17.5	74 
1972	8	13.9	120 
1972	9	8.9	43 
1972	10	5.6	21 
1972	11	1	21 
1972	12	1.6	79 
1973	1	-0.4	47 
1973	2	-1.4	70 
1973	3	2.2	17 
1973	4	2.6	61 
1973	5	9.4	75 
1973	6	14.9	51 
1973	7	17.5	151 
1973	8	13.8	50 
1973	9	8.8	100 
1973	10	2.5	22 
1973	11	-1.3	46 
1973	12	-3.5	75 
1974	1	-0.3	81 
1974	2	-0.3	53 
1974	3	0.3	46 
1974	4	6.2	0 
1974	5	10.6	25 
1974	6	13.9	61 
1974	7	14.5	101 
1974	8	14.2	80 
1974	9	10.8	186 
1974	10	3.7	108 
1974	11	0.9	120 
1974	12	-0.7	51 
1975	1	-0.1	135 
1975	2	-4.2	16 
1975	3	-0.4	40 
1975	4	2.9	29 
1975	5	10.6	39 
1975	6	13.4	14 
1975	7	17.4	49 
1975	8	17.5	65 
1975	9	11	121 
1975	10	6.2	82 
1975	11	2.2	92 
1975	12	0.6	40 
1976	1	-5.2	34 
1976	2	-3.6	38 
1976	3	-2.8	6 
1976	4	3.7	24 
1976	5	10.5	37 
1976	6	14.7	23 
1976	7	17.4	34 
1976	8	16.8	21 
1976	9	8.5	65 
1976	10	4.3	213 
1976	11	0.5	101 
1976	12	-5.3	65 
1977	1	-5	102 
1977	2	-7.7	33 
1977	3	0	55 
1977	4	1.2	111 
1977	5	10.2	36 
1977	6	14.7	101 
1977	7	15.3	75 
1977	8	14.6	46 
1977	9	8.9	59 
1977	10	6.6	78 
1977	11	1.2	114 
1977	12	-2	57 
1978	1	-2.7	78 
1978	2	-8.5	55 
1978	3	-2.2	112 
1978	4	2.8	18 
1978	5	10.4	13 
1978	6	15.1	62 
1978	7	14.3	117 
1978	8	14.1	92 
1978	9	7.9	86 
1978	10	5.7	31 
1978	11	3.8	40 
1978	12	-8.7	37 
1979	1	-9.2	18 
1979	2	-8.1	22 
1979	3	-1.6	92 
1979	4	3.1	85 
1979	5	7.7	83 
1979	6	15.6	40 
1979	7	14.6	95 
1979	8	13.3	102 
1979	9	9.5	54 
1979	10	3.9	91 
1979	11	-0.6	137 
1979	12	-3.9	65 
1980	1	-7.4	32 
1980	2	-9.2	29 
1980	3	-3.8	39 
1980	4	4.3	10 
1980	5	11.1	86 
1980	6	15.2	106 
1980	7	16.3	65 
1980	8	14.4	107 
1980	9	10.7	74 
1980	10	3.6	149 
1980	11	-2.6	45 
1980	12	-1.8	65 
1981	1	-4.5	20 
1981	2	-4.8	30 
1981	3	-3.5	76 
1981	4	3.8	9 
1981	5	11.1	67 
1981	6	12.1	98 
1981	7	15.2	100 
1981	8	14.3	17 
1981	9	11.3	65 
1981	10	4.6	95 
1981	11	0	127 
1981	12	-9.7	52 
1982	1	-9	29 
1982	2	-4.2	34 
1982	3	0.9	91 
1982	4	4.3	40 
1982	5	8.8	83 
1982	6	13.3	43 
1982	7	17.1	52 
1982	8	15.7	84 
1982	9	10.8	96 
1982	10	5.6	87 
1982	11	2.5	139 
1982	12	-2.1	110 
1983	1	0	42 
1983	2	-5.7	14 
1983	3	0.4	37 
1983	4	4.3	55 
1983	5	9.7	115 
1983	6	13.3	40 
1983	7	16.7	45 
1983	8	15.3	23 
1983	9	10.4	151 
1983	10	5.8	92 
1983	11	1	20 
1983	12	-2	63 
1984	1	-6	80 
1984	2	-3.7	31 
1984	3	-2.9	40 
1984	4	4.2	40 
1984	5	11.6	64 
1984	6	13.9	103 
1984	7	14.9	77 
1984	8	15.1	44 
1984	9	8.8	95 
1984	10	6.8	154 
1984	11	2.3	68 
1984	12	0.6	76 
1985	1	-9.6	61 
1985	2	-11.1	40 
1985	3	-1.7	89 
1985	4	1.2	74 
1985	5	10.4	27 
1985	6	13.5	94 
1985	7	15	115 
1985	8	13.5	138 
1985	9	7.6	122 
1985	10	6.6	35 
1985	11	-1.9	53 
1985	12	-7.7	94 
1986	1	-8.4	86 
1986	2	-9.4	3 
1986	3	-0.4	74 
1986	4	1.4	41 
1986	5	10	57 
1986	6	15.4	31 
1986	7	15.9	31 
1986	8	11.9	144 
1986	9	6.8	28 
1986	10	5.6	86 
1986	11	3.5	94 
1986	12	-1.9	106 
1987	1	-12.4	22 
1987	2	-5.6	45 
1987	3	-6	78 
1987	4	3.9	22 
1987	5	8.5	52 
1987	6	10.9	127 
1987	7	15.6	45 
1987	8	12	106 
1987	9	8.3	102 
1987	10	7	205 
1987	11	0.2	104 
1987	12	-3.7	29 
1988	1	0.6	136 
1988	2	-2	107 
1988	3	-3	97 
1988	4	1.9	46 
1988	5	10.9	32 
1988	6	17.5	43 
1988	7	15.5	188 
1988	8	13.9	172 
1988	9	11.1	125 
1988	10	4.1	89 
1988	11	-1.9	34 
1988	12	-5	37 
1989	1	1.9	13 
1989	2	2	53 
1989	3	2.4	99 
1989	4	4.2	79 
1989	5	9.8	33 
1989	6	13.9	64 
1989	7	15.8	95 
1989	8	12.8	170 
1989	9	9.9	42 
1989	10	5.1	54 
1989	11	2	70 
1989	12	-3.7	46 
1990	1	0.1	93 
1990	2	3.2	112 
1990	3	3.1	28 
1990	4	4.9	76 
1990	5	11.1	13 
1990	6	14	79 
1990	7	15.1	61 
1990	8	14.7	57 
1990	9	8.5	42 
1990	10	5	55 
1990	11	-1.3	45 
1990	12	-1.8	78 
1991	1	-4.3	59 
1991	2	-5.6	17 
1991	3	0.9	62 
1991	4	4	20 
1991	5	9.3	9 
1991	6	10.7	125 
1991	7	17	36 
1991	8	15	36 
1991	9	9.4	73 
1991	10	5.2	85 
1991	11	1.6	108 
1991	12	-0.4	23 
1992	1	-0.9	14 
1992	2	-1.2	21 
1992	3	1.8	64 
1992	4	2.9	64 
1992	5	11.8	36 
1992	6	16.5	9 
1992	7	15.2	87 
1992	8	12.9	142 
1992	9	9.4	63 
1992	10	2	47 
1992	11	0.3	139 
1992	12	-1.1	51 
1993	1	-0.8	54 
1993	2	-1.9	34 
1993	3	-0.6	3 
1993	4	4.5	37 
1993	5	11.5	60 
1993	6	12.5	36 
1993	7	14	101 
1993	8	11.9	112 
1993	9	7.1	25 
1993	10	3.3	156 
1993	11	-1	78 
1993	12	-4.2	112 
1994	1	-5.2	89 
1994	2	-10.2	25 
1994	3	-1.4	63 
1994	4	4.7	81 
1994	5	9.7	4 
1994	6	12.8	36 
1994	7	18.9	7 
1994	8	15.1	201 
1994	9	9	86 
1994	10	4	52 
1994	11	1.4	53 
1994	12	-0.4	92 
1995	1	-4.1	108 
1995	2	-2	87 
1995	3	0.1	48 
1995	4	2.6	60 
1995	5	8.6	43 
1995	6	14.3	139 
1995	7	15.2	99 
1995	8	16.3	32 
1995	9	10.2	108 
1995	10	8	62 
1995	11	-1.6	34 
1995	12	-8.3	15 
1996	1	-6	41 
1996	2	-8.6	40 
1996	3	-2.5	1 
1996	4	3.6	18 
1996	5	7.5	107 
1996	6	13.2	51 
1996	7	14.7	44 
1996	8	16.6	56 
1996	9	8.3	83 
1996	10	6.9	137 
1996	11	-0.4	135 
1996	12	-5.3	54 
1997	1	-5.6	21 
1997	2	-1.2	73 
1997	3	0.9	24 
1997	4	3.7	5 
1997	5	8.2	85 
1997	6	15.1	76 
1997	7	17.9	31 
1997	8	18.8	73 
1997	9	10.9	84 
1997	10	3.3	66 
1997	11	0.9	65 
1997	12	-1.4	82 
1998	1	-1.3	55 
1998	2	0.4	42 
1998	3	-1.1	48 
1998	4	3.4	112 
1998	5	10.4	17 
1998	6	12.5	141 
1998	7	14.5	70 
1998	8	13.1	94 
1998	9	11.2	112 
1998	10	4.2	97 
1998	11	-1.6	38 
1998	12	-1.1	47 
1999	1	-2.6	115 
1999	2	-4	31 
1999	3	-0.5	153 
1999	4	5.2	73 
1999	5	8.4	55 
1999	6	13.1	177 
1999	7	16.3	61 
1999	8	14.3	41 
1999	9	12.9	161 
1999	10	5.3	85 
1999	11	3.6	33 
1999	12	-3.4	111 
2000	1	-1.5	39 
2000	2	-2	36 
2000	3	0.8	35 
2000	4	4.9	89 
2000	5	11.5	112 
2000	6	12.2	60 
2000	7	15.2	86 
2000	8	14	85 
2000	9	9.3	43 
2000	10	9	263 
2000	11	5.7	256 
2000	12	1.3	111 
2001	1	-4	103 
2001	2	-6.4	29 
2001	3	-3.8	46 
2001	4	3.2	81 
2001	5	10.6	63 
2001	6	13.4	39 
2001	7	16.6	82 
2001	8	14.4	108 
2001	9	10.5	96 
2001	10	7.6	123 
2001	11	1.3	33 
2001	12	-4.1	36 
2002	1	-4.5	78 
2002	2	-0.4	69 
2002	3	0.5	43 
2002	4	5.6	48 
2002	5	11.6	103 
2002	6	15	103 
2002	7	16.3	173 
2002	8	18.2	43 
2002	9	11	86 
2002	10	2.6	103 
2002	11	-1.9	85 
2002	12	-7	42 
2003	1	-5.1	52 
2003	2	-4.3	41 
2003	3	0.3	21 
2003	4	4.1	53 
2003	5	9	106 
2003	6	14.9	86 
2003	7	17.5	98 
2003	8	15.7	57 
2003	9	10.7	57 
2003	10	1.9	34 
2003	11	2.3	92 
2003	12	0.1	89 
2004	1	-4.4	109 
2004	2	-3	30 
2004	3	0	50 
2004	4	5.7	65 
2004	5	11.1	39 
2004	6	12.8	134 
2004	7	14.6	59 
2004	8	16.3	123 
2004	9	10.9	135 
2004	10	5.5	126 
2004	11	0	71 
2004	12	-0.3	68 
2005	1	1.1	69 
2005	2	-2	28 
2005	3	-3.1	32 
2005	4	4.9	43 
2005	5	8.5	101 
2005	6	13.1	51 
2005	7	17.2	82 
2005	8	14.3	122 
2005	9	10.4	52 
2005	10	5.7	104 
2005	11	4	148 
2005	12	-2.1	50 
2006	1	-3.2	53 
2006	2	-4.6	76 
2006	3	-5.4	56 
2006	4	3.3	62 
2006	5	10.5	94 
2006	6	14.7	57 
2006	7	18.5	59 
2006	8	16.6	143 
2006	9	14	60 
2006	10	8	161 
2006	11	3.2	185 
2006	12	2.2	116 
2007	1	-1.9	111 
2007	2	-3.7	48 
2007	3	3.1	47 
2007	4	6.5	38 
2007	5	10.1	89 
2007	6	16	116 
2007	7	15.4	144 
2007	8	15.6	71 
2007	9	9.8	88 
2007	10	6.1	48 
2007	11	0.7	106 
2007	12	-1.9	101 
2008	1	0.6	164 
2008	2	1.4	85 
2008	3	-0.2	117 
2008	4	5.8	71 
2008	5	11	47 
2008	6	15	70 
2008	7	17.4	114 
2008	8	14.6	147 
2008	9	10.1	57 
2008	10	6.3	162 
2008	11	1.1	93 
2008	12	-1.8	52 
2009	1	-3.1	79 
2009	2	-6.5	62 
2009	3	0.2	59 
2009	4	6.7	44 
2009	5	11.1	61 
2009	6	14.6	42 
2009	7	16.5	185 
2009	8	15.3	139 
2009	9	11.9	49 
2009	10	3	76 
2009	11	3.5	166 
2009	12	-5.6	86 
2010	1	-12.5	12 
2010	2	-10	49 
2010	3	-2.9	37 
2010	4	4.4	52 
2010	5	9.7	50 
2010	6	14.7	77 
2010	7	17.3	107 
2010	8	15.5	125 
2010	9	10.2	68 
2010	10	3.9	71 
2010	11	-3.1	39 
2010	12	-14.2	18 
2011	1	-6.8	48 
2011	2	-7.6	50 
2011	3	-0.9	14 
2011	4	8.2	35 
2011	5	10.7	63 
2011	6	15.3	149 
2011	7	17	111 
2011	8	15.2	175 
2011	9	12.3	151 
2011	10	7.3	72 
2011	11	3.9	31 
2011	12	-0.2	94 
2012	1	-4.4	58 
2012	2	-4.5	21 
2012	3	4.4	15 
2012	4	3.9	69 
2012	5	11.3	75 
2012	6	12.9	102 
2012	7	15.6	132 
2012	8	15.3	108 
2012	9	10.6	98 
2012	10	4.7	118 
2012	11	3.1	121 
2012	12	-6.8	63 
2013	1	-6.5	38 
2013	2	-5.6	19 
2013	3	-4.9	5 
2013	4	3	46 
2013	5	11.8	99 
2013	6	14.3	122 
2013	7	17.3	28 
2013	8	15.2	90 
2013	9	10.6	41 
2013	10	6.2	95 
2013	11	1.4	52 
2013	12	1.4	112 
2014	1	-3	64 
2014	2	1.2	117 
2014	3	3.7	50 
2014	4	6.6	72 
2014	5	10.9	74 
2014	6	15	64 
2014	7	19.5	46 
2014	8	15	121 
2014	9	11.9	36 
2014	10	8.5	219 
