Gridded monthly values for the period 1.1967 - 10.2014

UTM coordinates: 282365 E, 6678855 N

Elevation of grid point: 198 meters above sea level

Real elevation: NA meters above sea level

Elements:	Mean temperature in *C (TAM)
		Accumulated precipitation in mm (RR)


Year	Month	TAM	RR 
1967	1	-10.8	62 
1967	2	-6	76 
1967	3	0.2	67 
1967	4	2.5	44 
1967	5	7.1	110 
1967	6	13.3	66 
1967	7	14.6	61 
1967	8	14.1	80 
1967	9	9.6	92 
1967	10	4.9	203 
1967	11	1.5	130 
1967	12	-6.3	101 
1968	1	-11.1	71 
1968	2	-9.7	77 
1968	3	-2.2	43 
1968	4	3.4	22 
1968	5	7.1	72 
1968	6	14.8	103 
1968	7	14.2	80 
1968	8	14.4	22 
1968	9	9.8	87 
1968	10	2.8	135 
1968	11	-5.6	77 
1968	12	-6.5	35 
1969	1	-5.9	153 
1969	2	-11.4	29 
1969	3	-8.1	9 
1969	4	2.2	81 
1969	5	8.4	58 
1969	6	15.8	27 
1969	7	15.5	92 
1969	8	16.3	54 
1969	9	9.5	104 
1969	10	5.1	48 
1969	11	-5.1	89 
1969	12	-7.4	40 
1970	1	-11.9	40 
1970	2	-15.5	30 
1970	3	-4.5	47 
1970	4	-0.2	80 
1970	5	9.3	18 
1970	6	16.7	67 
1970	7	12.9	161 
1970	8	14.2	69 
1970	9	7.9	103 
1970	10	4.2	93 
1970	11	-3.5	207 
1970	12	-4.1	25 
1971	1	-5.2	70 
1971	2	-3.3	70 
1971	3	-5.5	81 
1971	4	2.1	33 
1971	5	9.2	78 
1971	6	12.5	70 
1971	7	15.2	115 
1971	8	13	38 
1971	9	8.3	66 
1971	10	3.9	43 
1971	11	-3.7	82 
1971	12	-2.1	39 
1972	1	-9.5	34 
1972	2	-6.4	51 
1972	3	-2.8	64 
1972	4	2.4	70 
1972	5	9.1	93 
1972	6	12.8	127 
1972	7	16.6	59 
1972	8	13	141 
1972	9	7.3	35 
1972	10	3.8	22 
1972	11	-1.2	19 
1972	12	-0.6	91 
1973	1	-2.1	41 
1973	2	-3.9	69 
1973	3	0.2	10 
1973	4	1.6	50 
1973	5	8.6	80 
1973	6	14.3	51 
1973	7	16.8	114 
1973	8	13	61 
1973	9	7.6	92 
1973	10	0.2	16 
1973	11	-3.5	46 
1973	12	-6	84 
1974	1	-2.4	95 
1974	2	-2	61 
1974	3	-2.3	41 
1974	4	4.8	0 
1974	5	9.6	29 
1974	6	13.2	64 
1974	7	13.7	89 
1974	8	13.1	90 
1974	9	9.4	199 
1974	10	2.8	98 
1974	11	-1	133 
1974	12	-3.1	52 
1975	1	-2.1	146 
1975	2	-8.1	20 
1975	3	-2.6	39 
1975	4	1.3	19 
1975	5	9.5	37 
1975	6	12.7	25 
1975	7	16.8	50 
1975	8	16.6	63 
1975	9	9.7	132 
1975	10	4.5	89 
1975	11	0.5	104 
1975	12	-1.9	30 
1976	1	-8.1	32 
1976	2	-6.2	52 
1976	3	-4.9	6 
1976	4	2.8	20 
1976	5	9.6	46 
1976	6	14.1	27 
1976	7	16.6	24 
1976	8	15.6	25 
1976	9	6.9	63 
1976	10	2.8	206 
1976	11	-1.5	122 
1976	12	-7.8	59 
1977	1	-7.2	88 
1977	2	-10.5	34 
1977	3	-1.8	57 
1977	4	-0.1	88 
1977	5	8.9	45 
1977	6	13.6	115 
1977	7	14.3	59 
1977	8	13.3	58 
1977	9	7.3	68 
1977	10	4.9	82 
1977	11	-0.7	99 
1977	12	-4.6	67 
1978	1	-5.4	76 
1978	2	-11.4	52 
1978	3	-4.3	126 
1978	4	1.3	28 
1978	5	9.2	15 
1978	6	14.6	37 
1978	7	13.3	135 
1978	8	13.2	90 
1978	9	6.6	78 
1978	10	3.7	27 
1978	11	1.8	32 
1978	12	-10.8	48 
1979	1	-12.1	17 
1979	2	-11.4	21 
1979	3	-3	95 
1979	4	1.8	104 
1979	5	6.7	81 
1979	6	14.8	44 
1979	7	13.6	100 
1979	8	12.2	96 
1979	9	8.3	50 
1979	10	2.3	79 
1979	11	-2.7	119 
1979	12	-6.5	63 
1980	1	-10.3	35 
1980	2	-12.8	31 
1980	3	-5.7	43 
1980	4	2.5	9 
1980	5	9.8	89 
1980	6	13.9	120 
1980	7	15.7	65 
1980	8	13.5	74 
1980	9	9	83 
1980	10	2.3	152 
1980	11	-5.2	50 
1980	12	-4.1	64 
1981	1	-7.1	22 
1981	2	-7.7	25 
1981	3	-5.5	85 
1981	4	2.5	6 
1981	5	10.1	57 
1981	6	12.3	86 
1981	7	14.7	85 
1981	8	13.6	8 
1981	9	10.3	68 
1981	10	3.7	106 
1981	11	-1.9	133 
1981	12	-12.1	46 
1982	1	-11.2	30 
1982	2	-7.1	37 
1982	3	-0.4	110 
1982	4	3.2	31 
1982	5	7.9	82 
1982	6	12.8	31 
1982	7	16.5	37 
1982	8	14.9	83 
1982	9	9.9	125 
1982	10	4.4	101 
1982	11	0.6	151 
1982	12	-4.3	100 
1983	1	-2	42 
1983	2	-8.4	14 
1983	3	-1	42 
1983	4	3.1	65 
1983	5	9	120 
1983	6	13	40 
1983	7	16.3	44 
1983	8	14.9	29 
1983	9	9.8	201 
1983	10	4.9	109 
1983	11	-0.1	16 
1983	12	-3.5	57 
1984	1	-8.1	67 
1984	2	-5	34 
1984	3	-4.1	37 
1984	4	3.6	31 
1984	5	11	50 
1984	6	13.6	105 
1984	7	14.8	71 
1984	8	14.8	46 
1984	9	8.4	104 
1984	10	5.7	172 
1984	11	1.2	80 
1984	12	-0.9	81 
1985	1	-11.2	65 
1985	2	-13.4	43 
1985	3	-2.6	98 
1985	4	0.6	84 
1985	5	9.6	32 
1985	6	13.6	119 
1985	7	14.8	128 
1985	8	13.1	202 
1985	9	7	112 
1985	10	5.5	46 
1985	11	-3	60 
1985	12	-9.7	79 
1986	1	-11.1	86 
1986	2	-12.4	4 
1986	3	-1.3	68 
1986	4	0.9	42 
1986	5	9.6	57 
1986	6	15.4	33 
1986	7	16	47 
1986	8	11.6	148 
1986	9	6.4	28 
1986	10	4.4	95 
1986	11	2.3	84 
1986	12	-3.2	117 
1987	1	-14.8	23 
1987	2	-8.1	40 
1987	3	-8	99 
1987	4	3.3	28 
1987	5	8.1	53 
1987	6	10.9	180 
1987	7	15.6	50 
1987	8	11.8	94 
1987	9	7.7	137 
1987	10	5.9	217 
1987	11	-1.1	119 
1987	12	-6	26 
1988	1	-0.6	148 
1988	2	-3.4	121 
1988	3	-4.4	144 
1988	4	1	53 
1988	5	10.1	34 
1988	6	17.2	60 
1988	7	15.2	147 
1988	8	13.6	170 
1988	9	10.5	133 
1988	10	3.2	82 
1988	11	-4	30 
1988	12	-6.8	38 
1989	1	0.3	15 
1989	2	1	84 
1989	3	1.4	87 
1989	4	3.6	89 
1989	5	9.8	34 
1989	6	14	69 
1989	7	15.9	65 
1989	8	12.6	157 
1989	9	9.7	44 
1989	10	4.3	55 
1989	11	0.9	76 
1989	12	-5.7	51 
1990	1	-1.5	115 
1990	2	1.9	113 
1990	3	2.2	21 
1990	4	4.1	86 
1990	5	11.1	11 
1990	6	13.9	86 
1990	7	15	58 
1990	8	14.7	78 
1990	9	8	58 
1990	10	4.1	72 
1990	11	-2.5	43 
1990	12	-3.4	85 
1991	1	-6.1	77 
1991	2	-7.4	25 
1991	3	-0.3	66 
1991	4	3.4	27 
1991	5	9	10 
1991	6	9.9	139 
1991	7	17	54 
1991	8	14.6	84 
1991	9	8.8	67 
1991	10	4	101 
1991	11	0.2	133 
1991	12	-1.8	33 
1992	1	-2.5	17 
1992	2	-2.9	26 
1992	3	1	72 
1992	4	2.2	73 
1992	5	11.6	55 
1992	6	16.3	11 
1992	7	15	115 
1992	8	12.5	117 
1992	9	8.7	78 
1992	10	1	53 
1992	11	-1.4	181 
1992	12	-2.5	67 
1993	1	-2	57 
1993	2	-3.1	40 
1993	3	-1.8	6 
1993	4	3.8	39 
1993	5	11.3	85 
1993	6	12	19 
1993	7	13.8	128 
1993	8	11.5	122 
1993	9	6.2	27 
1993	10	2.4	143 
1993	11	-2.4	119 
1993	12	-6.3	105 
1994	1	-7.5	105 
1994	2	-13.4	37 
1994	3	-3.4	69 
1994	4	3.6	92 
1994	5	8.9	1 
1994	6	12.5	56 
1994	7	19.1	8 
1994	8	14.4	173 
1994	9	8.2	71 
1994	10	2.8	51 
1994	11	0	70 
1994	12	-2.2	103 
1995	1	-6.1	121 
1995	2	-3.8	92 
1995	3	-1.7	55 
1995	4	1.5	55 
1995	5	8	51 
1995	6	13.9	97 
1995	7	15	89 
1995	8	15.8	16 
1995	9	9.2	76 
1995	10	6.9	54 
1995	11	-3	25 
1995	12	-10.1	15 
1996	1	-8.3	41 
1996	2	-11	43 
1996	3	-4.4	3 
1996	4	2.8	22 
1996	5	6.5	111 
1996	6	13	41 
1996	7	14.6	62 
1996	8	16.2	65 
1996	9	7.9	103 
1996	10	6	112 
1996	11	-2	116 
1996	12	-7	64 
1997	1	-7.3	16 
1997	2	-2.6	81 
1997	3	-0.1	20 
1997	4	3.1	2 
1997	5	7.6	113 
1997	6	14.9	74 
1997	7	17.8	32 
1997	8	18.7	58 
1997	9	10.4	85 
1997	10	2.6	68 
1997	11	-0.4	67 
1997	12	-3.1	88 
1998	1	-2.7	63 
1998	2	-1.2	26 
1998	3	-2.5	52 
1998	4	2.4	101 
1998	5	10.1	15 
1998	6	12.2	155 
1998	7	14.3	94 
1998	8	12.9	82 
1998	9	10.5	121 
1998	10	3.5	107 
1998	11	-2.9	31 
1998	12	-2.7	45 
1999	1	-4.2	102 
1999	2	-5.8	36 
1999	3	-1.7	146 
1999	4	4.3	69 
1999	5	8	52 
1999	6	12.9	184 
1999	7	16.2	55 
1999	8	14.1	61 
1999	9	12.1	151 
1999	10	4.5	92 
1999	11	2.6	35 
1999	12	-5	97 
2000	1	-2.9	41 
2000	2	-3.7	39 
2000	3	-0.2	31 
2000	4	3.8	102 
2000	5	11.3	105 
2000	6	12	59 
2000	7	15.1	112 
2000	8	13.6	88 
2000	9	8.5	61 
2000	10	8	220 
2000	11	4.5	299 
2000	12	-0.3	99 
2001	1	-5	111 
2001	2	-7.9	31 
2001	3	-5.7	51 
2001	4	2.2	89 
2001	5	10.3	68 
2001	6	13.1	49 
2001	7	16.3	69 
2001	8	13.8	130 
2001	9	9.6	85 
2001	10	6.5	137 
2001	11	0.1	31 
2001	12	-5.5	39 
2002	1	-6.5	68 
2002	2	-1.9	73 
2002	3	-0.7	41 
2002	4	4.7	44 
2002	5	10.9	111 
2002	6	14.6	99 
2002	7	15.8	107 
2002	8	18	43 
2002	9	10.2	64 
2002	10	1.5	95 
2002	11	-3.4	80 
2002	12	-8.6	40 
2003	1	-6.5	55 
2003	2	-6.5	41 
2003	3	-0.9	27 
2003	4	3.3	58 
2003	5	8.4	104 
2003	6	14.6	69 
2003	7	17.3	100 
2003	8	15.4	62 
2003	9	10	65 
2003	10	0.8	39 
2003	11	1	96 
2003	12	-1.1	81 
2004	1	-6.1	111 
2004	2	-4.9	20 
2004	3	-1.3	53 
2004	4	4.5	54 
2004	5	10.5	30 
2004	6	12.7	122 
2004	7	14.4	44 
2004	8	16	114 
2004	9	10.3	107 
2004	10	4.3	110 
2004	11	-1.3	76 
2004	12	-1.9	48 
2005	1	-0.2	57 
2005	2	-3.3	16 
2005	3	-4.3	31 
2005	4	4.3	37 
2005	5	8.2	80 
2005	6	12.9	41 
2005	7	16.9	73 
2005	8	14	120 
2005	9	9.9	36 
2005	10	4.6	99 
2005	11	2.9	127 
2005	12	-3.6	42 
2006	1	-4.5	47 
2006	2	-5.7	93 
2006	3	-6.9	56 
2006	4	2.6	56 
2006	5	9.9	106 
2006	6	15.1	65 
2006	7	18.7	53 
2006	8	16.5	200 
2006	9	13.5	73 
2006	10	7	171 
2006	11	2	158 
2006	12	1	91 
2007	1	-3.5	106 
2007	2	-5.2	49 
2007	3	2	40 
2007	4	5.9	32 
2007	5	9.8	80 
2007	6	15.9	115 
2007	7	15.2	129 
2007	8	15.2	74 
2007	9	9.2	62 
2007	10	5.4	30 
2007	11	-0.7	84 
2007	12	-3.4	90 
2008	1	-0.7	142 
2008	2	-0.1	75 
2008	3	-1.5	108 
2008	4	4.9	60 
2008	5	10.6	44 
2008	6	14.8	55 
2008	7	17.3	111 
2008	8	14.1	109 
2008	9	9.4	53 
2008	10	5.3	127 
2008	11	0	80 
2008	12	-3.4	49 
2009	1	-4.3	75 
2009	2	-7.9	63 
2009	3	-1	65 
2009	4	5.9	30 
2009	5	10.8	52 
2009	6	14.2	46 
2009	7	16.2	171 
2009	8	14.7	125 
2009	9	11.1	41 
2009	10	2.1	71 
2009	11	2.2	149 
2009	12	-6	75 
2010	1	-11.2	17 
2010	2	-10.4	38 
2010	3	-2.8	28 
2010	4	3.8	55 
2010	5	9.1	56 
2010	6	14.2	82 
2010	7	16.8	124 
2010	8	14.9	109 
2010	9	9.4	78 
2010	10	3.7	94 
2010	11	-3.8	40 
2010	12	-12.9	18 
2011	1	-6.5	65 
2011	2	-7.4	47 
2011	3	-1.6	12 
2011	4	7.7	45 
2011	5	9.9	64 
2011	6	14.8	155 
2011	7	16.5	115 
2011	8	14.8	232 
2011	9	11.5	178 
2011	10	6.5	77 
2011	11	3	31 
2011	12	-1	94 
2012	1	-4.9	65 
2012	2	-4.9	13 
2012	3	4	16 
2012	4	3.2	83 
2012	5	10.6	67 
2012	6	12.2	114 
2012	7	15	169 
2012	8	14.7	129 
2012	9	10	98 
2012	10	4	124 
2012	11	2.1	128 
2012	12	-7.1	79 
2013	1	-7	41 
2013	2	-5.7	20 
2013	3	-4.6	6 
2013	4	2.7	58 
2013	5	11.5	133 
2013	6	13.9	116 
2013	7	17.3	22 
2013	8	14.8	125 
2013	9	10.6	36 
2013	10	5.9	97 
2013	11	0.9	46 
2013	12	0.4	127 
2014	1	-4	107 
2014	2	0.2	150 
2014	3	3	64 
2014	4	6.1	60 
2014	5	10.3	89 
2014	6	14.6	45 
2014	7	19.4	59 
2014	8	14.5	121 
2014	9	11.7	40 
2014	10	7.7	202 
