Gridded monthly values for the period 1.1967 - 10.2014

UTM coordinates: 9336 E, 6779009 N

Elevation of grid point: 137 meters above sea level

Real elevation: NA meters above sea level

Elements:	Mean temperature in *C (TAM)
		Accumulated precipitation in mm (RR)


Year	Month	TAM	RR 
1967	1	-3.4	190 
1967	2	0.7	318 
1967	3	1.7	814 
1967	4	2.1	189 
1967	5	7	114 
1967	6	10.4	306 
1967	7	11.6	331 
1967	8	12.3	211 
1967	9	10.2	271 
1967	10	5.7	825 
1967	11	3.8	364 
1967	12	-1.6	466 
1968	1	-4.3	446 
1968	2	-4.6	174 
1968	3	-1	496 
1968	4	1.2	105 
1968	5	6.4	70 
1968	6	12.1	214 
1968	7	13.5	72 
1968	8	13.6	21 
1968	9	11.3	139 
1968	10	5	510 
1968	11	-0.7	152 
1968	12	-2.1	79 
1969	1	-0.1	289 
1969	2	-6.2	153 
1969	3	-3.8	228 
1969	4	3	188 
1969	5	8.8	69 
1969	6	13.7	77 
1969	7	12.3	386 
1969	8	16.2	82 
1969	9	9.5	522 
1969	10	7.1	490 
1969	11	-0.8	342 
1969	12	-3.2	195 
1970	1	-3.5	125 
1970	2	-6.4	90 
1970	3	-2.2	279 
1970	4	0.3	151 
1970	5	7.7	189 
1970	6	14.5	80 
1970	7	11.9	354 
1970	8	13.4	100 
1970	9	8.6	338 
1970	10	5.4	438 
1970	11	0.8	298 
1970	12	-1.3	393 
1971	1	-0.1	450 
1971	2	0.3	358 
1971	3	-1.5	242 
1971	4	3.1	182 
1971	5	8.3	174 
1971	6	11	117 
1971	7	12.7	163 
1971	8	12.3	197 
1971	9	8.9	374 
1971	10	5	621 
1971	11	0	578 
1971	12	2.5	742 
1972	1	-2.7	107 
1972	2	-1.5	40 
1972	3	1.2	152 
1972	4	3.6	127 
1972	5	9.7	62 
1972	6	11.1	210 
1972	7	14.9	66 
1972	8	11.6	253 
1972	9	7.5	185 
1972	10	6.1	299 
1972	11	1.7	674 
1972	12	2.9	361 
1973	1	2.1	420 
1973	2	-1.1	488 
1973	3	1.8	427 
1973	4	1.7	222 
1973	5	7.4	281 
1973	6	10.8	253 
1973	7	15.1	115 
1973	8	11.1	302 
1973	9	8.8	387 
1973	10	3.2	299 
1973	11	-0.2	484 
1973	12	-1.7	594 
1974	1	2.8	402 
1974	2	1.2	305 
1974	3	1.4	24 
1974	4	4.7	15 
1974	5	8.9	58 
1974	6	12.3	121 
1974	7	11.4	291 
1974	8	11.8	318 
1974	9	9.8	544 
1974	10	3.9	105 
1974	11	1.8	335 
1974	12	1.4	690 
1975	1	1.3	652 
1975	2	-1.3	180 
1975	3	-0.3	116 
1975	4	2.1	156 
1975	5	8.1	124 
1975	6	10.7	190 
1975	7	13.9	145 
1975	8	14.6	124 
1975	9	8.8	742 
1975	10	5.2	341 
1975	11	2.4	377 
1975	12	1.2	846 
1976	1	-3.8	407 
1976	2	-3.2	311 
1976	3	-2.9	317 
1976	4	2.4	303 
1976	5	9	80 
1976	6	11.6	170 
1976	7	14.3	157 
1976	8	13	78 
1976	9	7.2	101 
1976	10	6	189 
1976	11	1.7	359 
1976	12	-4.5	134 
1977	1	-2.9	163 
1977	2	-4.4	30 
1977	3	1.1	167 
1977	4	1.1	155 
1977	5	8.9	90 
1977	6	11.4	114 
1977	7	13.7	128 
1977	8	12.7	162 
1977	9	7.4	415 
1977	10	7.2	380 
1977	11	1.6	435 
1977	12	1.3	330 
1978	1	-1	328 
1978	2	-5.7	100 
1978	3	0.2	207 
1978	4	2.8	80 
1978	5	8.8	48 
1978	6	13.2	164 
1978	7	13.3	136 
1978	8	13.2	270 
1978	9	7.9	382 
1978	10	6.2	474 
1978	11	3.6	819 
1978	12	-4.1	43 
1979	1	-8.1	202 
1979	2	-6.1	185 
1979	3	0	376 
1979	4	3.5	88 
1979	5	5.4	286 
1979	6	12.4	158 
1979	7	11.6	131 
1979	8	11.5	278 
1979	9	8.4	633 
1979	10	4.7	193 
1979	11	0.8	538 
1979	12	-1.5	325 
1980	1	-4.2	133 
1980	2	-3.8	165 
1980	3	-1.3	105 
1980	4	2.5	139 
1980	5	8.9	53 
1980	6	13.8	99 
1980	7	15	85 
1980	8	13	229 
1980	9	9.8	499 
1980	10	3.4	473 
1980	11	-1.9	410 
1980	12	-0.6	840 
1981	1	-3.4	484 
1981	2	-3.5	453 
1981	3	-0.8	179 
1981	4	1.9	107 
1981	5	9.4	75 
1981	6	10.6	234 
1981	7	12.7	142 
1981	8	11.6	260 
1981	9	10.6	300 
1981	10	4.7	332 
1981	11	1.1	545 
1981	12	-7.3	93 
1982	1	-4.1	233 
1982	2	-0.8	240 
1982	3	1.6	264 
1982	4	3.2	294 
1982	5	7.5	197 
1982	6	12.4	10 
1982	7	14.2	86 
1982	8	13.1	481 
1982	9	8.9	595 
1982	10	7	286 
1982	11	3.2	680 
1982	12	0.4	477 
1983	1	1.4	955 
1983	2	-3.8	83 
1983	3	0.4	320 
1983	4	3.8	124 
1983	5	8.6	176 
1983	6	10.9	109 
1983	7	13.8	147 
1983	8	12.3	235 
1983	9	9.4	431 
1983	10	5.2	972 
1983	11	2.4	503 
1983	12	0.6	442 
1984	1	-3.1	402 
1984	2	-1.7	198 
1984	3	-1.7	104 
1984	4	3.3	293 
1984	5	9.5	42 
1984	6	12.2	147 
1984	7	13.8	126 
1984	8	13.4	225 
1984	9	7.9	84 
1984	10	6.6	659 
1984	11	5.2	307 
1984	12	1.8	328 
1985	1	-5.6	174 
1985	2	-5	255 
1985	3	-0.1	298 
1985	4	2.1	84 
1985	5	9	86 
1985	6	12.2	89 
1985	7	13.6	211 
1985	8	12.4	349 
1985	9	7	341 
1985	10	7.2	466 
1985	11	-2.2	125 
1985	12	-2	472 
1986	1	-5.8	237 
1986	2	-8.2	15 
1986	3	1.7	436 
1986	4	1.6	25 
1986	5	8.1	323 
1986	6	13.4	93 
1986	7	12.9	216 
1986	8	11.8	101 
1986	9	6.3	469 
1986	10	6.2	544 
1986	11	3.7	883 
1986	12	0	628 
1987	1	-9.1	108 
1987	2	-2.6	291 
1987	3	-2.8	93 
1987	4	4.2	158 
1987	5	7.5	115 
1987	6	10.7	58 
1987	7	13.9	149 
1987	8	12.6	182 
1987	9	7.8	479 
1987	10	6.9	251 
1987	11	2.4	186 
1987	12	-0.6	349 
1988	1	1.4	316 
1988	2	-0.3	266 
1988	3	-2.4	97 
1988	4	1.6	235 
1988	5	9.9	100 
1988	6	15.2	23 
1988	7	14.5	288 
1988	8	13	283 
1988	9	10.5	431 
1988	10	5.1	282 
1988	11	1	323 
1988	12	-0.1	686 
1989	1	3.5	1181 
1989	2	2.5	680 
1989	3	2.3	435 
1989	4	5	65 
1989	5	7.4	357 
1989	6	12	306 
1989	7	13.3	162 
1989	8	11.5	371 
1989	9	9.8	406 
1989	10	5.9	430 
1989	11	2.2	257 
1989	12	-0.5	300 
1990	1	1.6	720 
1990	2	4	837 
1990	3	3.1	1023 
1990	4	4.2	386 
1990	5	9.1	36 
1990	6	13.2	185 
1990	7	13.6	164 
1990	8	12.8	258 
1990	9	8.4	373 
1990	10	6.1	372 
1990	11	0.9	228 
1990	12	0.9	591 
1991	1	-0.8	385 
1991	2	-3.6	227 
1991	3	2.5	226 
1991	4	4.8	246 
1991	5	7.3	164 
1991	6	9.6	146 
1991	7	15.7	85 
1991	8	13.6	288 
1991	9	9.2	463 
1991	10	4.3	175 
1991	11	2.3	575 
1991	12	1.5	587 
1992	1	1.2	602 
1992	2	0.8	543 
1992	3	1.7	436 
1992	4	3.2	180 
1992	5	9.4	251 
1992	6	14.5	86 
1992	7	12.8	271 
1992	8	11.4	317 
1992	9	9.6	315 
1992	10	2.9	86 
1992	11	1.1	479 
1992	12	1.4	763 
1993	1	0.6	867 
1993	2	0.3	413 
1993	3	0.2	406 
1993	4	4.7	140 
1993	5	10	62 
1993	6	10.3	108 
1993	7	12	217 
1993	8	10.7	196 
1993	9	7.9	78 
1993	10	4.6	180 
1993	11	-0.6	74 
1993	12	-1.8	534 
1994	1	-1.3	597 
1994	2	-5.5	16 
1994	3	-0.1	689 
1994	4	3.8	304 
1994	5	7.3	99 
1994	6	8.7	442 
1994	7	14.8	182 
1994	8	13.1	127 
1994	9	9	197 
1994	10	4.9	324 
1994	11	4	452 
1994	12	1.5	646 
1995	1	-0.2	439 
1995	2	-0.1	634 
1995	3	0.8	324 
1995	4	2.7	201 
1995	5	6.7	89 
1995	6	12	68 
1995	7	13.3	222 
1995	8	13.8	118 
1995	9	10.8	234 
1995	10	7.9	784 
1995	11	0.6	319 
1995	12	-4.9	174 
1996	1	-2.6	29 
1996	2	-3.7	293 
1996	3	-1.3	70 
1996	4	3.2	117 
1996	5	6.8	78 
1996	6	11.3	251 
1996	7	11.6	179 
1996	8	15.5	158 
1996	9	9	117 
1996	10	6.9	453 
1996	11	-1.1	354 
1996	12	-3.5	198 
1997	1	-1.8	358 
1997	2	0.8	718 
1997	3	1.2	722 
1997	4	2.5	344 
1997	5	6.8	137 
1997	6	12.7	37 
1997	7	15.5	87 
1997	8	16.4	161 
1997	9	9.5	380 
1997	10	3.4	355 
1997	11	2.2	101 
1997	12	-0.9	311 
1998	1	0.6	392 
1998	2	1.2	828 
1998	3	-1	369 
1998	4	4.7	55 
1998	5	8.3	122 
1998	6	11.3	213 
1998	7	12.3	162 
1998	8	12.1	349 
1998	9	11.9	70 
1998	10	3.7	459 
1998	11	-0.4	271 
1998	12	0.7	557 
1999	1	-0.6	476 
1999	2	-1.1	514 
1999	3	1.6	328 
1999	4	5.1	231 
1999	5	7.4	320 
1999	6	10.7	235 
1999	7	13.2	196 
1999	8	13.6	110 
1999	9	13.1	238 
1999	10	5.8	302 
1999	11	4.4	626 
1999	12	-1.5	599 
2000	1	1	727 
2000	2	-0.5	757 
2000	3	0.5	366 
2000	4	4.5	184 
2000	5	9	185 
2000	6	9.6	437 
2000	7	14.6	30 
2000	8	12.8	249 
2000	9	10.1	327 
2000	10	8.7	244 
2000	11	5	172 
2000	12	0.4	255 
2001	1	-1.8	88 
2001	2	-3.8	275 
2001	3	-2	151 
2001	4	3.4	200 
2001	5	8.1	165 
2001	6	10.9	179 
2001	7	14.6	238 
2001	8	12.9	389 
2001	9	10.4	88 
2001	10	8	521 
2001	11	1.5	492 
2001	12	-2.8	256 
2002	1	-0.5	552 
2002	2	0.5	504 
2002	3	0	463 
2002	4	5.4	119 
2002	5	10.3	122 
2002	6	13.6	229 
2002	7	13.9	154 
2002	8	17.6	177 
2002	9	11	200 
2002	10	3.4	266 
2002	11	0.3	124 
2002	12	-2.5	82 
2003	1	-1.3	628 
2003	2	-2.1	180 
2003	3	2.1	227 
2003	4	5.8	93 
2003	5	7.4	377 
2003	6	13.1	268 
2003	7	16.7	187 
2003	8	14.4	271 
2003	9	10.1	476 
2003	10	2.6	278 
2003	11	3.3	248 
2003	12	0.9	624 
2004	1	-2.6	260 
2004	2	-1.3	317 
2004	3	0.7	270 
2004	4	5.9	202 
2004	5	8.7	195 
2004	6	11.6	141 
2004	7	13.1	180 
2004	8	15.7	153 
2004	9	10.4	423 
2004	10	6.2	133 
2004	11	1.4	441 
2004	12	1.3	785 
2005	1	0.9	899 
2005	2	-0.8	330 
2005	3	-0.2	165 
2005	4	5.2	301 
2005	5	7	257 
2005	6	10.6	117 
2005	7	15.7	141 
2005	8	13.2	327 
2005	9	10.1	579 
2005	10	6.9	348 
2005	11	3.8	651 
2005	12	-0.2	314 
2006	1	-0.9	324 
2006	2	-0.8	139 
2006	3	-2.5	69 
2006	4	2.7	323 
2006	5	8.8	87 
2006	6	12.1	172 
2006	7	16.3	207 
2006	8	15.9	149 
2006	9	12.6	325 
2006	10	8	342 
2006	11	4.1	800 
2006	12	3.8	846 
2007	1	0.4	795 
2007	2	-1	192 
2007	3	3.8	516 
2007	4	4.8	236 
2007	5	8.2	379 
2007	6	14.8	22 
2007	7	14.4	230 
2007	8	12.8	331 
2007	9	8.3	510 
2007	10	6.3	371 
2007	11	1	507 
2007	12	-0.5	445 
2008	1	1.3	542 
2008	2	1.3	607 
2008	3	0.3	276 
2008	4	4.9	141 
2008	5	9.7	33 
2008	6	12.2	264 
2008	7	16.6	149 
2008	8	13.8	185 
2008	9	10.4	164 
2008	10	6	575 
2008	11	1.8	300 
2008	12	-0.3	249 
2009	1	-0.2	370 
2009	2	-2.5	219 
2009	3	2.1	277 
2009	4	6.4	156 
2009	5	8.8	267 
2009	6	12.2	78 
2009	7	15.4	176 
2009	8	13.5	296 
2009	9	10.6	608 
2009	10	4.5	160 
2009	11	4	339 
2009	12	-1.8	112 
2010	1	-7	61 
2010	2	-5.6	49 
2010	3	-0.1	279 
2010	4	4.1	250 
2010	5	7.1	54 
2010	6	11.7	129 
2010	7	14.2	264 
2010	8	14.2	185 
2010	9	10	245 
2010	10	5.5	403 
2010	11	-0.8	173 
2010	12	-7.9	135 
2011	1	-1.3	389 
2011	2	-2.3	273 
2011	3	0.7	434 
2011	4	5.3	225 
2011	5	8.2	293 
2011	6	11.6	292 
2011	7	15	136 
2011	8	13.5	123 
2011	9	10.8	424 
2011	10	7.1	508 
2011	11	4.9	402 
2011	12	0.5	560 
2012	1	-0.5	346 
2012	2	-1	379 
2012	3	2.8	324 
2012	4	3	118 
2012	5	7.3	150 
2012	6	10.9	67 
2012	7	13	278 
2012	8	13.2	176 
2012	9	8.2	476 
2012	10	4.4	230 
2012	11	3	443 
2012	12	-3.4	226 
2013	1	-4	241 
2013	2	-3.9	87 
2013	3	-2.8	59 
2013	4	1.7	278 
2013	5	8.7	154 
2013	6	11.8	118 
2013	7	14.4	163 
2013	8	13.1	257 
2013	9	10.3	143 
2013	10	7.1	467 
2013	11	2.6	342 
2013	12	2.4	671 
2014	1	0.7	114 
2014	2	3.3	280 
2014	3	3.6	462 
2014	4	6.1	170 
2014	5	9.1	120 
2014	6	12.9	85 
2014	7	17.2	162 
2014	8	13.8	136 
2014	9	11.3	189 
2014	10	8.6	637 
