Gridded monthly values for the period 1.1967 - 10.2014

UTM coordinates: 438246 E, 7147784 N

Elevation of grid point: 500 meters above sea level

Real elevation: NA meters above sea level

Elements:	Mean temperature in *C (TAM)
		Accumulated precipitation in mm (RR)


Year	Month	TAM	RR 
1967	1	-13.3	55 
1967	2	-6.1	67 
1967	3	-2.6	133 
1967	4	-1.8	36 
1967	5	4.7	64 
1967	6	9.1	66 
1967	7	10.7	124 
1967	8	11.1	76 
1967	9	8	10 
1967	10	2.3	53 
1967	11	0.9	64 
1967	12	-11.6	109 
1968	1	-11	108 
1968	2	-9.3	74 
1968	3	-4.2	84 
1968	4	-0.3	42 
1968	5	2.1	16 
1968	6	9.7	63 
1968	7	9.8	10 
1968	8	9.3	23 
1968	9	6.4	35 
1968	10	-0.9	83 
1968	11	-8	36 
1968	12	-4.7	50 
1969	1	-9.2	45 
1969	2	-13.2	45 
1969	3	-8.6	45 
1969	4	-0.3	60 
1969	5	4	23 
1969	6	11.8	17 
1969	7	11.1	98 
1969	8	15.1	76 
1969	9	5.3	97 
1969	10	2.4	88 
1969	11	-6	34 
1969	12	-10.3	45 
1970	1	-14	36 
1970	2	-14.7	24 
1970	3	-4.9	45 
1970	4	-2.9	38 
1970	5	5.5	19 
1970	6	12	24 
1970	7	11.5	115 
1970	8	10.8	38 
1970	9	5.5	94 
1970	10	2.6	81 
1970	11	-5.3	34 
1970	12	-3.3	70 
1971	1	-5.1	78 
1971	2	-7.2	109 
1971	3	-10.3	42 
1971	4	-1.8	51 
1971	5	4.1	74 
1971	6	8.9	85 
1971	7	10.4	56 
1971	8	10.1	56 
1971	9	5.4	65 
1971	10	1.5	128 
1971	11	-5.6	151 
1971	12	-2.1	157 
1972	1	-12.1	4 
1972	2	-7.4	13 
1972	3	-4.4	78 
1972	4	-1	27 
1972	5	5	32 
1972	6	11.3	80 
1972	7	13.3	73 
1972	8	10.1	71 
1972	9	4.9	106 
1972	10	2	90 
1972	11	-2.7	110 
1972	12	-1.4	57 
1973	1	-1.4	133 
1973	2	-7.7	92 
1973	3	-1.7	90 
1973	4	-2.5	44 
1973	5	3.8	34 
1973	6	9.6	79 
1973	7	14.1	96 
1973	8	9.1	117 
1973	9	4.1	82 
1973	10	-1.1	95 
1973	11	-5.4	87 
1973	12	-9.1	162 
1974	1	-4.2	86 
1974	2	-5.7	60 
1974	3	-5.4	7 
1974	4	0.2	34 
1974	5	5	27 
1974	6	9.7	56 
1974	7	10.3	142 
1974	8	9.9	105 
1974	9	7.4	42 
1974	10	0.6	60 
1974	11	-5.1	34 
1974	12	-6	74 
1975	1	-6	158 
1975	2	-2.9	61 
1975	3	-3.9	28 
1975	4	-2.5	29 
1975	5	4.2	55 
1975	6	7.1	39 
1975	7	10.5	74 
1975	8	10.7	76 
1975	9	6.6	163 
1975	10	2.7	90 
1975	11	-0.6	40 
1975	12	-4.5	286 
1976	1	-10.5	101 
1976	2	-6.2	103 
1976	3	-8.3	35 
1976	4	-2.6	43 
1976	5	5.6	13 
1976	6	8.2	69 
1976	7	11.1	79 
1976	8	10.4	41 
1976	9	2.7	109 
1976	10	0.8	33 
1976	11	-2.4	54 
1976	12	-10.2	45 
1977	1	-11.9	63 
1977	2	-14	10 
1977	3	-3.3	31 
1977	4	-3.8	32 
1977	5	2.8	17 
1977	6	7.5	43 
1977	7	11.2	105 
1977	8	10.2	39 
1977	9	4.8	77 
1977	10	2.8	65 
1977	11	-2.1	37 
1977	12	-4	90 
1978	1	-8.2	92 
1978	2	-14.1	18 
1978	3	-6.2	38 
1978	4	-2.8	61 
1978	5	3.6	25 
1978	6	10.7	102 
1978	7	11.4	60 
1978	8	10.2	94 
1978	9	5.2	93 
1978	10	1.2	77 
1978	11	-2.2	124 
1978	12	-14.7	35 
1979	1	-14.9	22 
1979	2	-10.6	55 
1979	3	-4.7	31 
1979	4	-1.5	22 
1979	5	3.7	68 
1979	6	10.5	73 
1979	7	10.5	169 
1979	8	10.6	100 
1979	9	5.4	100 
1979	10	0.3	57 
1979	11	-3.1	54 
1979	12	-7.4	67 
1980	1	-12.1	35 
1980	2	-11.1	47 
1980	3	-7.8	31 
1980	4	0.3	30 
1980	5	4	26 
1980	6	12.2	53 
1980	7	13.6	56 
1980	8	11.6	84 
1980	9	6.9	84 
1980	10	-0.1	53 
1980	11	-6.8	45 
1980	12	-9.4	116 
1981	1	-8.9	125 
1981	2	-8.9	59 
1981	3	-9.9	52 
1981	4	-1.6	40 
1981	5	6.5	11 
1981	6	7.2	48 
1981	7	11.3	118 
1981	8	9.5	54 
1981	9	7.1	35 
1981	10	1.4	55 
1981	11	-5.7	55 
1981	12	-15.3	25 
1982	1	-11.3	68 
1982	2	-6.1	28 
1982	3	-3.3	76 
1982	4	-0.8	53 
1982	5	3.5	58 
1982	6	6.6	11 
1982	7	11.4	38 
1982	8	11.2	77 
1982	9	5.8	111 
1982	10	2.4	44 
1982	11	-2.6	65 
1982	12	-3.3	50 
1983	1	-4.6	160 
1983	2	-7.2	30 
1983	3	-5.3	46 
1983	4	0.7	39 
1983	5	5.8	44 
1983	6	7.6	80 
1983	7	11.5	61 
1983	8	9.3	90 
1983	9	7	184 
1983	10	1.4	151 
1983	11	-4.5	136 
1983	12	-6.4	92 
1984	1	-10.9	71 
1984	2	-4.5	38 
1984	3	-6.9	42 
1984	4	0.6	30 
1984	5	7.9	11 
1984	6	9.3	105 
1984	7	10	38 
1984	8	10.3	84 
1984	9	5.5	67 
1984	10	2.5	178 
1984	11	-4	53 
1984	12	-5.4	55 
1985	1	-15.4	29 
1985	2	-18	45 
1985	3	-6.4	60 
1985	4	-3.8	56 
1985	5	3.3	47 
1985	6	10.2	71 
1985	7	12.4	92 
1985	8	10.8	154 
1985	9	4.5	142 
1985	10	4.1	167 
1985	11	-6.5	59 
1985	12	-13.7	58 
1986	1	-18.7	25 
1986	2	-10.4	22 
1986	3	-4.7	41 
1986	4	-4.1	32 
1986	5	6.2	90 
1986	6	12	22 
1986	7	11.4	122 
1986	8	8.8	36 
1986	9	3.5	139 
1986	10	2.8	100 
1986	11	-0.6	107 
1986	12	-11	49 
1987	1	-17	57 
1987	2	-9.6	118 
1987	3	-11.6	11 
1987	4	-1	75 
1987	5	2.9	48 
1987	6	8.8	109 
1987	7	10.6	86 
1987	8	7.8	142 
1987	9	5.3	107 
1987	10	3.4	71 
1987	11	-3.5	69 
1987	12	-7.1	117 
1988	1	-7.7	40 
1988	2	-9.2	47 
1988	3	-10.4	21 
1988	4	-4.2	54 
1988	5	5.4	66 
1988	6	10.9	49 
1988	7	14.8	131 
1988	8	10.7	82 
1988	9	7.5	132 
1988	10	1.4	61 
1988	11	-3.8	72 
1988	12	-6	155 
1989	1	-1.4	197 
1989	2	-3.8	141 
1989	3	-2.7	36 
1989	4	-0.7	28 
1989	5	4.1	61 
1989	6	9.3	53 
1989	7	10	69 
1989	8	10.3	131 
1989	9	6.4	97 
1989	10	2.3	94 
1989	11	-1.4	59 
1989	12	-7.2	126 
1990	1	-7.2	132 
1990	2	-1	89 
1990	3	-2.2	131 
1990	4	0	56 
1990	5	4.4	39 
1990	6	10.2	32 
1990	7	11.5	110 
1990	8	10.9	93 
1990	9	6.1	95 
1990	10	2.6	81 
1990	11	-2.3	80 
1990	12	-2.6	138 
1991	1	-4.9	74 
1991	2	-11.6	26 
1991	3	-3.3	47 
1991	4	-0.5	35 
1991	5	2.7	40 
1991	6	8.5	109 
1991	7	12.2	106 
1991	8	11.9	67 
1991	9	5	114 
1991	10	1.5	48 
1991	11	-1	66 
1991	12	-2.2	92 
1992	1	-2.8	220 
1992	2	-3.8	88 
1992	3	-2.4	57 
1992	4	-4.4	53 
1992	5	5.3	51 
1992	6	11.5	65 
1992	7	9.2	140 
1992	8	9.4	113 
1992	9	6.9	16 
1992	10	-3.4	57 
1992	11	-4.9	70 
1992	12	-2.9	108 
1993	1	-5.4	100 
1993	2	-6.2	112 
1993	3	-4.2	69 
1993	4	-0.9	16 
1993	5	5.5	66 
1993	6	5.9	83 
1993	7	11.5	119 
1993	8	9.6	89 
1993	9	4.3	54 
1993	10	0	108 
1993	11	-3.9	15 
1993	12	-8.5	41 
1994	1	-11.1	88 
1994	2	-15.3	5 
1994	3	-6.6	30 
1994	4	0.5	31 
1994	5	3.2	23 
1994	6	6.7	120 
1994	7	13.4	51 
1994	8	11.3	87 
1994	9	5.3	70 
1994	10	0.1	118 
1994	11	-3.2	133 
1994	12	-2.5	65 
1995	1	-7.7	50 
1995	2	-4.4	128 
1995	3	-3.9	83 
1995	4	-2.9	74 
1995	5	2.8	56 
1995	6	8.6	111 
1995	7	9.7	82 
1995	8	9.8	101 
1995	9	6.6	28 
1995	10	3.4	126 
1995	11	-4.4	65 
1995	12	-6.4	73 
1996	1	-7.6	16 
1996	2	-11.2	33 
1996	3	-5.7	33 
1996	4	-1	41 
1996	5	2.9	22 
1996	6	8.3	120 
1996	7	10.3	95 
1996	8	13.8	52 
1996	9	5.4	18 
1996	10	3.1	93 
1996	11	-4.3	68 
1996	12	-8.1	76 
1997	1	-3.9	157 
1997	2	-7	64 
1997	3	-4.2	146 
1997	4	-3.6	117 
1997	5	2.6	40 
1997	6	10.5	86 
1997	7	15	83 
1997	8	13.4	53 
1997	9	7.5	127 
1997	10	-0.2	92 
1997	11	-3.8	23 
1997	12	-5	36 
1998	1	-4.7	101 
1998	2	-5.8	220 
1998	3	-5.2	134 
1998	4	-2.8	36 
1998	5	3.6	33 
1998	6	8.9	148 
1998	7	11.8	130 
1998	8	9.7	91 
1998	9	8	31 
1998	10	2.4	81 
1998	11	-5.7	21 
1998	12	-5.9	103 
1999	1	-9.2	49 
1999	2	-7.9	105 
1999	3	-5	24 
1999	4	0.8	66 
1999	5	4.2	30 
1999	6	10.7	87 
1999	7	11.3	100 
1999	8	9.2	39 
1999	9	9.3	59 
1999	10	2.1	83 
1999	11	1.4	103 
1999	12	-8.4	49 
2000	1	-5.1	140 
2000	2	-4.8	110 
2000	3	-6.3	100 
2000	4	-0.4	41 
2000	5	6.1	46 
2000	6	7.4	124 
2000	7	12.1	153 
2000	8	10.1	116 
2000	9	6.7	50 
2000	10	5.1	56 
2000	11	0.7	19 
2000	12	-5.9	53 
2001	1	-4.7	26 
2001	2	-10.8	104 
2001	3	-11.4	46 
2001	4	-1.3	50 
2001	5	4.2	57 
2001	6	9.3	53 
2001	7	12.1	205 
2001	8	10.7	162 
2001	9	7.8	79 
2001	10	3.4	84 
2001	11	-1.5	161 
2001	12	-6.5	77 
2002	1	-7.7	90 
2002	2	-4	113 
2002	3	-5	89 
2002	4	2.5	27 
2002	5	8.1	14 
2002	6	13	50 
2002	7	13.5	69 
2002	8	15.4	47 
2002	9	6.9	79 
2002	10	-0.7	33 
2002	11	-5.8	13 
2002	12	-7.6	105 
2003	1	-11	179 
2003	2	-6.7	23 
2003	3	-1.8	107 
2003	4	-0.1	37 
2003	5	5.2	86 
2003	6	10.5	94 
2003	7	16.1	59 
2003	8	11.8	93 
2003	9	6.7	88 
2003	10	0.3	50 
2003	11	-2.5	21 
2003	12	-3.5	210 
2004	1	-10.1	27 
2004	2	-6	65 
2004	3	-3.5	79 
2004	4	2.3	45 
2004	5	5.7	31 
2004	6	9.1	83 
2004	7	11.8	90 
2004	8	12.7	21 
2004	9	7.6	150 
2004	10	2.2	36 
2004	11	-2.9	171 
2004	12	-1.8	146 
2005	1	-3	173 
2005	2	-7.1	69 
2005	3	-7.3	37 
2005	4	0.6	43 
2005	5	3.6	75 
2005	6	8.5	84 
2005	7	14.4	68 
2005	8	10.9	151 
2005	9	7.4	120 
2005	10	3.7	57 
2005	11	1.2	67 
2005	12	-5.8	122 
2006	1	-5.4	102 
2006	2	-6.2	97 
2006	3	-10.5	23 
2006	4	-0.3	36 
2006	5	6.1	52 
2006	6	10	70 
2006	7	13.3	110 
2006	8	15.1	40 
2006	9	10.1	90 
2006	10	2.5	117 
2006	11	-0.8	113 
2006	12	0.8	147 
2007	1	-5.9	119 
2007	2	-10.7	79 
2007	3	-1.6	67 
2007	4	1.1	106 
2007	5	5.2	64 
2007	6	12.1	11 
2007	7	13.9	116 
2007	8	12.1	66 
2007	9	5.5	94 
2007	10	3.7	89 
2007	11	-2.1	121 
2007	12	-2.1	67 
2008	1	-4	94 
2008	2	-3.2	108 
2008	3	-5.6	35 
2008	4	0.9	21 
2008	5	5.7	43 
2008	6	11.2	103 
2008	7	13.8	44 
2008	8	10.8	73 
2008	9	6.6	67 
2008	10	3.3	103 
2008	11	-1.9	104 
2008	12	-4.9	59 
2009	1	-6	88 
2009	2	-10.5	84 
2009	3	-4.5	49 
2009	4	2.1	80 
2009	5	6.7	56 
2009	6	9.9	64 
2009	7	13.6	134 
2009	8	13	68 
2009	9	8.1	194 
2009	10	0.2	46 
2009	11	0.2	48 
2009	12	-7.2	40 
2010	1	-12.9	42 
2010	2	-13.6	38 
2010	3	-7.1	126 
2010	4	0.1	51 
2010	5	4.6	93 
2010	6	8.2	88 
2010	7	13.5	208 
2010	8	12.1	47 
2010	9	7.2	53 
2010	10	2.5	60 
2010	11	-7	44 
2010	12	-13.6	57 
2011	1	-5.1	99 
2011	2	-9.3	68 
2011	3	-4.1	185 
2011	4	2.5	68 
2011	5	6.1	73 
2011	6	12.6	88 
2011	7	14.8	82 
2011	8	12.6	221 
2011	9	9	165 
2011	10	3.9	100 
2011	11	2.3	98 
2011	12	-2.9	190 
2012	1	-6.7	100 
2012	2	-6.7	111 
2012	3	-1.3	184 
2012	4	-1.2	80 
2012	5	4.2	35 
2012	6	8.5	48 
2012	7	12	103 
2012	8	10.9	42 
2012	9	6	108 
2012	10	0.9	84 
2012	11	-0.6	76 
2012	12	-9.6	48 
2013	1	-8.7	53 
2013	2	-7.7	49 
2013	3	-8.8	107 
2013	4	-1.2	34 
2013	5	8.4	56 
2013	6	11.5	88 
2013	7	12.5	105 
2013	8	11.9	83 
2013	9	8.5	129 
2013	10	2.8	128 
2013	11	-1.4	145 
2013	12	-2.7	150 
2014	1	-9.2	19 
2014	2	-1.9	30 
2014	3	-2.2	98 
2014	4	1.2	39 
2014	5	5.8	68 
2014	6	10.2	82 
2014	7	18.2	26 
2014	8	13	97 
2014	9	7.9	87 
2014	10	2.8	83 
