Gridded monthly values for the period 1.1967 - 10.2014

UTM coordinates: 1071181 E, 7805409 N

Elevation of grid point: 96 meters above sea level

Real elevation: NA meters above sea level

Elements:	Mean temperature in *C (TAM)
		Accumulated precipitation in mm (RR)


Year	Month	TAM	RR 
1967	1	-12.4	42 
1967	2	-9.1	13 
1967	3	-4.3	33 
1967	4	-1.3	23 
1967	5	2.9	6 
1967	6	9.2	35 
1967	7	12.3	78 
1967	8	11.6	93 
1967	9	7.9	59 
1967	10	0.3	41 
1967	11	-0.4	29 
1967	12	-11.9	72 
1968	1	-16.4	51 
1968	2	-12.3	52 
1968	3	-8	33 
1968	4	-4.8	24 
1968	5	0	30 
1968	6	6.6	86 
1968	7	8	21 
1968	8	9.4	90 
1968	9	3.1	18 
1968	10	-4.1	53 
1968	11	-4.8	49 
1968	12	-5	74 
1969	1	-12.7	14 
1969	2	-16.1	3 
1969	3	-9.9	29 
1969	4	-4.5	28 
1969	5	0.5	15 
1969	6	6.2	21 
1969	7	10.4	91 
1969	8	10	29 
1969	9	4.8	43 
1969	10	1.5	47 
1969	11	-5.1	31 
1969	12	-8.9	9 
1970	1	-10	42 
1970	2	-17.2	58 
1970	3	-7.2	15 
1970	4	-6.8	9 
1970	5	2.9	3 
1970	6	10.4	34 
1970	7	13.3	84 
1970	8	12.6	72 
1970	9	6.1	104 
1970	10	1.4	27 
1970	11	-7.1	39 
1970	12	-6.5	26 
1971	1	-12.9	42 
1971	2	-14.1	15 
1971	3	-12.3	24 
1971	4	-4.7	19 
1971	5	1.4	20 
1971	6	6.1	27 
1971	7	11	44 
1971	8	10	156 
1971	9	4.8	147 
1971	10	-1.3	74 
1971	11	-9.3	40 
1971	12	-9.6	30 
1972	1	-6.8	5 
1972	2	-10.1	10 
1972	3	-6	46 
1972	4	-2.9	41 
1972	5	2.2	19 
1972	6	11.7	14 
1972	7	16	81 
1972	8	12.7	54 
1972	9	5.8	65 
1972	10	0.7	37 
1972	11	-8.8	38 
1972	12	-3.8	41 
1973	1	-7.1	44 
1973	2	-10.8	28 
1973	3	-8.4	16 
1973	4	-1.9	11 
1973	5	2.8	39 
1973	6	9.4	77 
1973	7	15.5	23 
1973	8	10	62 
1973	9	3.2	20 
1973	10	-2.8	43 
1973	11	-7.7	111 
1973	12	-15.2	71 
1974	1	-7.9	25 
1974	2	-7.8	106 
1974	3	-3.4	4 
1974	4	-1.4	12 
1974	5	1.8	29 
1974	6	9.7	49 
1974	7	14.4	128 
1974	8	11.3	86 
1974	9	8.2	69 
1974	10	0.3	40 
1974	11	-6.3	25 
1974	12	-3.4	50 
1975	1	-10.1	43 
1975	2	-8.6	36 
1975	3	-3.5	19 
1975	4	-2.4	15 
1975	5	3.9	92 
1975	6	6.6	75 
1975	7	10.2	100 
1975	8	8.2	66 
1975	9	7	56 
1975	10	0	28 
1975	11	-3.2	23 
1975	12	-8.8	50 
1976	1	-15	72 
1976	2	-10.3	7 
1976	3	-9.1	10 
1976	4	-2.3	10 
1976	5	4	25 
1976	6	6.6	31 
1976	7	12.1	65 
1976	8	10.6	106 
1976	9	3.7	60 
1976	10	-1.3	50 
1976	11	-7.3	72 
1976	12	-9.1	30 
1977	1	-12.4	34 
1977	2	-11.4	31 
1977	3	-8.6	67 
1977	4	-4	48 
1977	5	2	17 
1977	6	7.2	136 
1977	7	11.7	30 
1977	8	9.7	50 
1977	9	4.8	37 
1977	10	-1.4	43 
1977	11	-2.7	40 
1977	12	-7.7	36 
1978	1	-13.7	31 
1978	2	-12.4	36 
1978	3	-8.8	62 
1978	4	-4.2	36 
1978	5	3.2	5 
1978	6	6.7	7 
1978	7	8.3	101 
1978	8	8.9	74 
1978	9	5.2	49 
1978	10	-0.8	36 
1978	11	-6.4	22 
1978	12	-12.4	77 
1979	1	-16	20 
1979	2	-12.3	52 
1979	3	-8.5	28 
1979	4	-5.4	25 
1979	5	2.7	72 
1979	6	7.5	45 
1979	7	11.7	13 
1979	8	10.8	39 
1979	9	6.5	76 
1979	10	-2	27 
1979	11	-4.9	23 
1979	12	-6.4	48 
1980	1	-11.9	30 
1980	2	-14.4	17 
1980	3	-10.5	9 
1980	4	-2	25 
1980	5	1.8	14 
1980	6	8.8	34 
1980	7	9.3	19 
1980	8	10.4	8 
1980	9	6.1	41 
1980	10	0.1	36 
1980	11	-8.3	74 
1980	12	-11.5	67 
1981	1	-12.7	47 
1981	2	-13.1	17 
1981	3	-12.9	57 
1981	4	-3.9	29 
1981	5	1.9	22 
1981	6	5.9	122 
1981	7	12.2	83 
1981	8	9.6	91 
1981	9	5.3	47 
1981	10	1.5	117 
1981	11	-4.7	57 
1981	12	-13.4	72 
1982	1	-12.6	53 
1982	2	-7.4	16 
1982	3	-7.3	13 
1982	4	-2.9	63 
1982	5	2.2	47 
1982	6	4.5	51 
1982	7	12.8	136 
1982	8	9.3	49 
1982	9	5.3	102 
1982	10	-0.2	32 
1982	11	-3.9	35 
1982	12	-7.4	24 
1983	1	-9.4	95 
1983	2	-9.9	45 
1983	3	-6.8	46 
1983	4	-0.6	25 
1983	5	2.7	20 
1983	6	8.5	39 
1983	7	12.8	16 
1983	8	9.2	36 
1983	9	7.2	45 
1983	10	0.9	81 
1983	11	-8.5	87 
1983	12	-14.9	32 
1984	1	-12.3	32 
1984	2	-6.1	15 
1984	3	-8.1	33 
1984	4	-2.3	48 
1984	5	5.2	23 
1984	6	9.1	34 
1984	7	10.2	124 
1984	8	9.6	31 
1984	9	5.1	23 
1984	10	-0.1	47 
1984	11	-6.4	20 
1984	12	-5.2	10 
1985	1	-17.1	78 
1985	2	-18.4	38 
1985	3	-6.9	48 
1985	4	-4.8	24 
1985	5	0.8	29 
1985	6	7.6	23 
1985	7	11.7	17 
1985	8	10.9	61 
1985	9	6.4	71 
1985	10	1.5	68 
1985	11	-4.7	112 
1985	12	-16.5	47 
1986	1	-12.6	148 
1986	2	-11.2	33 
1986	3	-4.5	12 
1986	4	-3.7	77 
1986	5	2.6	11 
1986	6	10.4	25 
1986	7	9.8	75 
1986	8	9.9	102 
1986	9	3.4	31 
1986	10	1.6	24 
1986	11	-2.5	23 
1986	12	-14.5	52 
1987	1	-13.9	35 
1987	2	-13.8	44 
1987	3	-10.4	53 
1987	4	-4.3	38 
1987	5	1.8	46 
1987	6	6.4	65 
1987	7	9.6	74 
1987	8	7.5	90 
1987	9	5.8	33 
1987	10	5.6	9 
1987	11	-6.5	22 
1987	12	-11.5	60 
1988	1	-10.1	33 
1988	2	-11.9	67 
1988	3	-8.9	13 
1988	4	-5.6	54 
1988	5	3	23 
1988	6	8.5	25 
1988	7	13.3	110 
1988	8	10.3	69 
1988	9	7.2	38 
1988	10	1.1	44 
1988	11	-6.8	75 
1988	12	-12	34 
1989	1	-7.8	84 
1989	2	-7.8	27 
1989	3	-3.3	61 
1989	4	1.3	29 
1989	5	5.6	54 
1989	6	11.1	60 
1989	7	12.3	74 
1989	8	11.4	90 
1989	9	6.8	51 
1989	10	-0.1	34 
1989	11	-2.8	37 
1989	12	-10	88 
1990	1	-14.2	42 
1990	2	-3.3	35 
1990	3	-5.2	32 
1990	4	-0.1	9 
1990	5	2.4	31 
1990	6	8.2	17 
1990	7	11.9	49 
1990	8	11.4	56 
1990	9	5.8	41 
1990	10	0.9	37 
1990	11	-5.5	54 
1990	12	-3.8	56 
1991	1	-9.3	36 
1991	2	-8.5	12 
1991	3	-9.5	40 
1991	4	-1.2	20 
1991	5	2.8	21 
1991	6	8.1	78 
1991	7	10.8	41 
1991	8	11	54 
1991	9	4.5	74 
1991	10	1.2	77 
1991	11	-4	69 
1991	12	-5.7	32 
1992	1	-6.4	67 
1992	2	-5.2	55 
1992	3	-3.3	22 
1992	4	-5.2	22 
1992	5	5.2	16 
1992	6	10	131 
1992	7	9.9	108 
1992	8	8.9	73 
1992	9	8.3	72 
1992	10	-3.9	43 
1992	11	-8.5	37 
1992	12	-3.8	49 
1993	1	-7.4	44 
1993	2	-6.8	34 
1993	3	-7.2	16 
1993	4	-3.7	122 
1993	5	3.1	45 
1993	6	5.5	142 
1993	7	10.1	30 
1993	8	10.7	30 
1993	9	2.9	13 
1993	10	-1.6	60 
1993	11	-4	10 
1993	12	-8.9	27 
1994	1	-13.1	59 
1994	2	-9.4	29 
1994	3	-6.2	13 
1994	4	0.2	38 
1994	5	2.4	32 
1994	6	7.4	76 
1994	7	12.8	115 
1994	8	12	19 
1994	9	5.4	26 
1994	10	-0.2	44 
1994	11	-5.3	48 
1994	12	-5	17 
1995	1	-7.1	20 
1995	2	-7.3	35 
1995	3	-4.1	32 
1995	4	-2.1	17 
1995	5	2.8	27 
1995	6	9.5	95 
1995	7	9.9	69 
1995	8	9.7	83 
1995	9	5.8	22 
1995	10	-0.5	106 
1995	11	-8.1	77 
1995	12	-11.9	16 
1996	1	-6.4	21 
1996	2	-9.8	57 
1996	3	-5.9	19 
1996	4	-4.3	23 
1996	5	0.2	30 
1996	6	6.7	74 
1996	7	10.9	77 
1996	8	12.2	59 
1996	9	5.2	44 
1996	10	2	39 
1996	11	-4	62 
1996	12	-8.1	86 
1997	1	-10.9	56 
1997	2	-10.3	76 
1997	3	-5.7	42 
1997	4	-5.7	29 
1997	5	2.1	22 
1997	6	6.6	10 
1997	7	11.3	23 
1997	8	12.6	85 
1997	9	8.1	50 
1997	10	-0.1	67 
1997	11	-5.7	49 
1997	12	-8.4	40 
1998	1	-10.2	49 
1998	2	-18.9	92 
1998	3	-9.7	49 
1998	4	-5	42 
1998	5	2.4	28 
1998	6	5.5	69 
1998	7	10.7	35 
1998	8	9.9	33 
1998	9	4.7	65 
1998	10	0.5	71 
1998	11	-10.7	49 
1998	12	-8.5	50 
1999	1	-15.7	22 
1999	2	-13.2	48 
1999	3	-6.8	41 
1999	4	-2	19 
1999	5	0.5	31 
1999	6	10.1	38 
1999	7	12.2	63 
1999	8	9.1	207 
1999	9	7.9	18 
1999	10	2.5	104 
1999	11	-2.5	55 
1999	12	-10.7	37 
2000	1	-9	67 
2000	2	-9.7	54 
2000	3	-6.6	74 
2000	4	-2.7	90 
2000	5	3	34 
2000	6	8.1	77 
2000	7	12.3	50 
2000	8	10.5	52 
2000	9	6.4	39 
2000	10	4.5	30 
2000	11	-2.5	30 
2000	12	-9.8	37 
2001	1	-6.3	35 
2001	2	-13	54 
2001	3	-11.8	61 
2001	4	-4	27 
2001	5	2.2	16 
2001	6	9.4	38 
2001	7	12.8	76 
2001	8	10.3	113 
2001	9	8	42 
2001	10	-0.4	49 
2001	11	-6.6	40 
2001	12	-7.3	55 
2002	1	-9.8	28 
2002	2	-10	54 
2002	3	-7.9	40 
2002	4	-0.5	11 
2002	5	4	15 
2002	6	7.9	26 
2002	7	13	112 
2002	8	10.1	36 
2002	9	5	43 
2002	10	-0.6	52 
2002	11	-7.7	54 
2002	12	-11.6	38 
2003	1	-16.2	111 
2003	2	-6.7	23 
2003	3	-4.2	37 
2003	4	-2	40 
2003	5	3.8	42 
2003	6	6.1	9 
2003	7	14.2	120 
2003	8	10.7	112 
2003	9	5.7	66 
2003	10	0.8	102 
2003	11	-2.7	44 
2003	12	-8	57 
2004	1	-9.7	33 
2004	2	-11.8	44 
2004	3	-5.6	42 
2004	4	-1.9	36 
2004	5	3.5	27 
2004	6	8	30 
2004	7	15.9	52 
2004	8	11.8	74 
2004	9	6.6	64 
2004	10	0.8	34 
2004	11	-5.2	46 
2004	12	-5.1	38 
2005	1	-8	15 
2005	2	-7.9	12 
2005	3	-9.8	26 
2005	4	-1.9	37 
2005	5	2.1	38 
2005	6	9.2	44 
2005	7	11.7	48 
2005	8	11	37 
2005	9	5.7	52 
2005	10	2.7	85 
2005	11	-1.2	69 
2005	12	-8.1	65 
2006	1	-8.7	44 
2006	2	-11.6	22 
2006	3	-9	66 
2006	4	0.1	32 
2006	5	4.7	36 
2006	6	9.9	52 
2006	7	11.3	118 
2006	8	11.7	29 
2006	9	6.5	41 
2006	10	-0.6	74 
2006	11	-7.3	37 
2006	12	-4.1	69 
2007	1	-10.2	77 
2007	2	-16.7	44 
2007	3	-2.9	17 
2007	4	-1.3	47 
2007	5	3.1	55 
2007	6	8.1	62 
2007	7	9.9	64 
2007	8	12.3	113 
2007	9	6.6	72 
2007	10	4.5	34 
2007	11	-4.3	51 
2007	12	-2.3	63 
2008	1	-6.4	59 
2008	2	-7.6	23 
2008	3	-7.9	44 
2008	4	-3	38 
2008	5	2.3	49 
2008	6	7.3	43 
2008	7	11.2	36 
2008	8	8.7	47 
2008	9	6	39 
2008	10	1.7	65 
2008	11	-4.6	58 
2008	12	-4	39 
2009	1	-8	28 
2009	2	-11.6	35 
2009	3	-6.3	18 
2009	4	-1.7	35 
2009	5	4.5	51 
2009	6	7.5	59 
2009	7	10.3	51 
2009	8	11.5	62 
2009	9	8.3	64 
2009	10	0.2	38 
2009	11	-1.7	25 
2009	12	-7.7	95 
2010	1	-12.1	21 
2010	2	-12.9	56 
2010	3	-7.8	48 
2010	4	1.3	43 
2010	5	5.8	57 
2010	6	8.3	49 
2010	7	12.4	146 
2010	8	9.6	54 
2010	9	7.8	64 
2010	10	3.2	76 
2010	11	-6.5	57 
2010	12	-9.2	45 
2011	1	-11.3	55 
2011	2	-16.2	25 
2011	3	-4.4	32 
2011	4	1.6	33 
2011	5	4.6	41 
2011	6	9.5	50 
2011	7	13.2	101 
2011	8	11.4	49 
2011	9	9.3	23 
2011	10	3.8	88 
2011	11	-0.9	55 
2011	12	-2.3	34 
2012	1	-9.8	28 
2012	2	-12.4	28 
2012	3	-4.2	38 
2012	4	-1.2	45 
2012	5	5.4	43 
2012	6	7.7	122 
2012	7	11.2	72 
2012	8	10	36 
2012	9	7.3	86 
2012	10	1.8	86 
2012	11	-2.6	58 
2012	12	-12.4	46 
2013	1	-7.4	59 
2013	2	-8.1	32 
2013	3	-10.1	64 
2013	4	-1.2	42 
2013	5	7.1	30 
2013	6	12.9	34 
2013	7	13.9	97 
2013	8	13.8	60 
2013	9	9.7	33 
2013	10	1	109 
2013	11	-3.9	36 
2013	12	-6.2	74 
2014	1	-13.1	25 
2014	2	-4.4	13 
2014	3	-3.3	47 
2014	4	-0.7	43 
2014	5	3.3	65 
2014	6	7.8	65 
2014	7	13.1	21 
2014	8	12.5	94 
2014	9	7.4	42 
2014	10	0.6	40 
