Year 18020 18320 18701 19490 19510 19710
1970 NA NA 16.4 26 19.6 NA
1971 NA NA 11.4 12.8 11 NA
1972 NA NA NA 10.2 17 NA
1973 NA NA 14.8 59.9 26.6 NA
1974 NA NA 23 14.6 13.8 NA
1975 NA NA 20.7 12.4 21.6 NA
1976 NA NA 12.2 16.8 8 NA
1977 NA NA 11.4 12.8 20.6 NA
1978 NA NA 10.9 9 18 NA
1979 NA NA 14.8 14 18.8 NA
1980 NA NA 41.9 14.2 15.3 NA
1981 NA NA 23.8 16.6 13.4 NA
1982 NA NA 16.6 NA 17.7 NA
1983 NA NA 14.6 15.8 NA 22.4
1984 NA 28.1 24.4 18.4 23.2 22.6
1985 16.5 15 17.4 19.9 20 19.6
1986 9.3 19.9 19.8 14 14.5 NA
1987 10.9 17.5 15.4 16.4 18.6 18.6
1988 16.9 22.7 39.7 15 17.2 15.4
1989 NA 19.2 20.8 NA 11 12.8
1990 13.2 NA 20.2 NA 17.4 22.4
1991 9.9 18.1 8.4 9.6 17.2 44.6
1992 11.6 11.5 30.8 17.4 16.4 16.2
1993 12.9 NA 15.4 NA NA 20
1994 15.5 15.1 13 NA NA 23.8
1995 13.2 8.7 26.9 19.6 14 16.2
1996 24.9 19.5 16.6 13.2 12.6 15
1997 25.5 15 18.5 NA NA 30
1998 NA 11.4 12.4 NA NA 15.2
1999 26.6 NA 28.2 NA NA 34.6
2000 13.8 25.5 28 NA NA 23.2
2001 11.3 17.3 18 NA NA 24.4
2002 24.7 31.8 16.8 NA NA 27.2
2003 15.3 14.4 18.3 NA NA 17
2004 14.9 13.9 16.5 NA NA 41.8
2005 18.9 NA 11.3 NA NA 11.2
2006 31.7 28.1 16.4 24.1 33.4 25.2
2007 17 16.3 19.9 57.2 45.2 16.2
2008 28.7 31.1 29.8 NA NA NA
2009 12.5 21.1 19.4 NA NA NA
2010 34.6 17.3 16.8 NA NA NA
2011 19.6 20.1 31.7 NA NA NA
2012 11.7 19.4 11.2 NA NA 14.7
2013 15.2 11.6 21.8 NA NA 37.6
