WF      
1971 NA NA 97 92 82 NA
1972 NA NA 91 104 125 NA
1973 NA NA 102 107 105 NA
1974 NA NA 140 119 110 NA
1975 NA NA 93 56 73 NA
1976 NA NA 58 53 27 NA
1977 NA NA 96 99 91 NA
1978 NA NA 105 113 108 NA
1979 NA NA 115 104 57 NA
1980 NA NA 140 143 110 NA
1981 NA NA 38 94 74 NA
1982 NA NA 106 NA 40 NA
1983 NA NA 130 68 NA NA
1984 NA NA 127 133 112 48
1985 137 16 145 143 126 155
1986 97 44 97 95 96 NA
1987 104 96 141 145 155 166
1988 139 108 145 147 137 144
1989 NA 82 97 NA 97 107
1990 84 NA 89 NA 85 110
1991 87 80 100 80 91 105
1992 47 85 107 119 98 117
1993 76 NA 105 NA NA 122
1994 78 62 74 NA NA 91
1995 81 78 114 112 64 105
1996 103 75 113 73 81 99
1997 129 65 108 NA NA 92
1998 66 117 83 NA NA 119
1999 60 NA 138 NA NA 161
2000 78 77 127 NA NA 147
2001 58 59 104 NA NA 116
2002 87 113 131 NA NA 107
2003 109 86 133 NA NA 120
2004 124 96 122 NA NA 169
2005 114 30 67 NA NA 119
2006 166 140 127 57 99 140
2007 200 159 166 171 176 105
2008 104 62 62 NA NA NA
2009 11 125 137 NA NA NA
2010 111 124 133 NA NA NA
2011 183 163 171 NA NA NA
2012 148 139 126 NA NA 29
2013 116 97 128 NA NA 111
2014 95 NA 82 NA NA 106
