WI      
1971 NA NA 2.43 2.68 2.54 NA
1972 NA NA 2.04 2.2 2.38 NA
1973 NA NA 2.53 3.4 2.94 NA
1974 NA NA 2.59 2.88 2.9 NA
1975 NA NA 2.92 3.15 2.98 NA
1976 NA NA 2.15 2.9 1.96 NA
1977 NA NA 2.35 2.49 2.81 NA
1978 NA NA 2.8 2.57 3.04 NA
1979 NA NA 2.72 2.46 2.93 NA
1980 NA NA 3 2.81 3.11 NA
1981 NA NA 3.54 3.04 3.13 NA
1982 NA NA 2.73 NA 3.2 NA
1983 NA NA 2.62 2.75 NA NA
1984 NA NA 3.08 2.95 3.22 3.46
1985 3.27 4.31 3.54 3.77 3.38 3.33
1986 2.31 2.79 2.91 3.17 2.96 NA
1987 2.35 2.36 2.51 2.6 2.19 2.79
1988 3.26 3.31 3.58 3.58 3.33 3.46
1989 NA 3.34 3.65 NA 3.16 3.19
1990 2.78 NA 2.8 NA 3.08 3.36
1991 2.44 2.23 2.35 2.28 2.57 3.68
1992 2.95 2.65 2.87 3.01 2.78 3.05
1993 2.69 NA 2.82 NA NA 2.82
1994 4.15 3.55 3.52 NA NA 3.88
1995 2.73 2.53 2.87 2.98 2.68 3.38
1996 2.76 2.66 2.6 2.46 3.15 3.18
1997 4 2.8 2.75 NA NA 4.44
1998 2.36 2.55 2.37 NA NA 2.98
1999 4.2 NA 2.99 NA NA 3.65
2000 2.33 2.86 2.89 NA NA 3.03
2001 2.14 3.24 2.98 NA NA 3.2
2002 3.02 3.27 2.9 NA NA 3.28
2003 3.05 3 3.26 NA NA 2.86
2004 2.85 2.73 2.82 NA NA 3.54
2005 2.83 2.35 2.39 NA NA 2.56
2006 3.32 3.29 2.82 3.17 4.22 3.84
2007 3.09 3.17 3.62 4.64 4.05 4.51
2008 3.84 3.47 3.99 NA NA NA
2009 3.51 3.61 3.27 NA NA NA
2010 3.3 3.49 3.34 NA NA NA
2011 3.61 3.58 3.62 NA NA NA
2012 2.78 3.3 2.75 NA NA 3.46
2013 2.98 2.66 2.98 NA NA 3.86
2014 2.71 NA 3.53 NA NA 3.35
