1 200 -2.80415927873476 10.685295329788
2 1220 -3.43185116872545 8.52677440032549
3 2840 -3.34433158957967 9.11216801407165
4 3015 -3.60316751355014 8.609228151385
5 3030 -3.63464712324219 8.65360280785502
6 3120 -3.60223651593999 8.67965984412695
7 3190 -3.55240485670794 8.70059543357666
8 3810 -3.49653354802928 8.9987364786223
9 4220 -3.51960599146937 9.39293199406671
10 4781 -3.48568956259931 9.60149928680261
11 6760 -3.48617940595516 10.6514214359699
12 11620 -3.62964538844453 10.2300364923391
13 12290 -3.41518416786018 10.2103590801268
14 12670 -3.6892224062644 10.5585107687171
15 15720 -4.85306199854832 11.4895317034996
16 17005 -3.6992617317235 8.60234194082983
17 17030 -3.74103911130878 8.69816003097827
18 17150 -3.70547052663325 8.8046136789256
19 17260 -3.75395839657227 8.88485070292439
20 17870 -3.67535107708616 9.09559831211898
21 17980 -3.64586764807805 9.26958157047758
22 18020 -3.66151159212533 9.30687952948439
23 18210 -3.64779758986983 9.35045915507256
24 18269 -3.5936981764554 9.3763717345035
25 18270 -3.5781610832147 9.38764144857782
26 18320 -3.67206430387363 9.36036950243597
27 18420 -3.65239619716545 9.37432147818677
28 18640 -3.68726617311577 9.34126271055456
29 18701 -3.68825744107836 9.37382115310247
30 18702 -3.68821712001167 9.37421916986447
31 18815 -3.71099861561185 9.33838182961248
32 18920 -3.69505636378497 9.38926581961009
33 18980 -3.73383919616008 9.35623200593749
34 19020 -3.71668938848593 9.40216455999821
35 19490 -3.79497104646845 9.34830862556743
36 19510 -3.73789150066296 9.37643734931642
37 19710 -3.84151429625046 9.30268698362727
38 20300 -3.9044582429603 9.6046402700264
39 24870 -4.41222935497433 10.081239559081
40 24880 -4.4176057939757 10.0836998772623
41 26890 -3.97201003595122 9.19661020444909
42 26999 -3.96103508841254 9.12465296576636
43 27270 -3.90364630795999 8.72775005799554
44 27460 -3.92119604550729 8.67556343446858
45 27470 -4.00405134910094 8.64415316475608
46 27564 -4.03491092252797 8.61321045030639
47 27580 -4.01146013460108 8.58388971783024
48 30270 -4.30638843638938 8.63330750367551
49 30310 -4.34173752072739 8.68713876145968
50 30320 -4.34525861896973 8.69629763432873
51 32100 -4.53684688518029 8.90930546037717
52 36060 -4.86501831355987 8.02198281451455
53 38130 -4.97408281150902 7.90503012678569
54 39150 -5.27843788961665 7.75557250646753
55 39200 -5.30859177927061 7.75481040656695
56 39201 -5.34444887929879 7.72315290715257
57 39260 -5.3001358457884 7.88952176929475
58 40140 -5.43312529777174 8.7358273741713
59 40490 -5.71697476769277 9.01488768421075
60 40500 -5.69983388108579 9.05074136964428
61 44190 -6.39786694838384 8.51662888877573
62 44580 -6.39844629270615 8.73194038173653
63 44620 -6.38408358321501 8.76939399366661
64 44640 -6.36590357262565 8.73562343444624
65 44660 -6.36441025872242 8.77746218078239
66 44730 -6.36617119642619 8.64338317417772
67 47240 -6.55132908594101 9.08386022351358
68 47890 -6.06975149032196 9.60016274948819
69 50480 -6.36353989062241 10.0894895262422
70 50490 -6.36353989062241 10.0894895262422
71 52290 -5.93771172624993 10.574932825961
72 52300 -5.94877964578945 10.5689414471595
73 54730 -4.81486198679914 10.7486159553901
74 58700 -5.15025084519669 11.5586143770895
75 60940 -5.48061844739229 12.1478704767883
76 62290 -5.02886442091087 12.3588519520885
77 63420 -4.4184586170893 12.2071179919058
78 63500 -4.18199630746489 12.0516916602754
79 64300 -4.75073446693859 12.70604006072
80 66830 -3.63628853654454 12.0572401447953
81 68170 -3.46575605390675 12.8498781416283
82 68190 -3.4706551477071 12.8237344830548
83 68230 -3.47173541170324 12.8265603028653
84 68863 -3.45643029844382 12.8370580963317
85 71000 -2.94386349575314 13.4028404800508
86 72850 -2.53052375187623 13.948073793853
87 73490 -1.90050355386935 13.7550208735243
88 80200 -2.00039415720134 15.7047758673848
89 81620 -1.09996499735791 16.2367716362355
90 82090 -1.0492338533543 16.5311594224469
91 82310 -1.4394902373563 16.5915088407028
92 84710 -0.205620194677839 17.7007410495493
93 89350 0.204692597239298 18.3084520928371
94 97250 2.76606856194913 18.8582394444606
95 99370 4.34172086593108 19.3251365841619
