x
0.00229644775390625
0.00199699401855469
0.00132179260253906
0.00175952911376953
0.00361824035644531
0.00179290771484375
0.00224399566650391
0.00207233428955078
0.00207901000976562
0.00166702270507812
0.00228118896484375
0.00179672241210938
0.00136280059814453
0.00190925598144531
0.00152015686035156
0.00126075744628906
0.0020294189453125
0.0018310546875
0.00218391418457031
0.00231075286865234
0.00150108337402344
0.00148963928222656
0.00150585174560547
0.00106525421142578
0.00145339965820312
0.00256061553955078
0.00144577026367188
0.00146389007568359
0.00136375427246094
0.00139713287353516
0.00191211700439453
0.00234413146972656
0.00147247314453125
0.00143051147460938
0.00160026550292969
0.00101089477539062
0.00141716003417969
0.00240707397460938
0.00121688842773438
0.00164318084716797
0.000981330871582031
0.00224113464355469
0.00267410278320312
0.00137615203857422
0.00213718414306641
0.00176811218261719
0.00139045715332031
0.00185203552246094
0.00319862365722656
0.00223159790039062
0.00203800201416016
0.00213623046875
0.00219535827636719
0.00152969360351562
0.00190353393554688
0.00160980224609375
0.00137615203857422
0.00235557556152344
0.00142860412597656
0.00118064880371094
0.00152015686035156
0.00169086456298828
0.00224876403808594
0.00241756439208984
0.0012359619140625
0.00168037414550781
0.00160408020019531
0.00165462493896484
0.00169563293457031
0.0027313232421875
0.00140571594238281
0.00188875198364258
0.00104904174804688
0.00151634216308594
0.00185298919677734
0.00233554840087891
0.00156784057617188
0.00140762329101562
0.00169181823730469
0.00114154815673828
0.00191688537597656
0.00268650054931641
0.00118350982666016
0.00145816802978516
0.00115489959716797
0.00213241577148438
0.00265121459960938
0.00113391876220703
0.00205135345458984
0.00173759460449219
0.001556396484375
0.00206756591796875
0.00292682647705078
0.00260353088378906
0.00216579437255859
0.00287055969238281
0.00141048431396484
0.00122642517089844
0.00230216979980469
0.00147056579589844
0.00127887725830078
0.00239372253417969
0.000988006591796875
0.00104904174804688
0.00127410888671875
0.00157928466796875
0.00182342529296875
0.00218009948730469
0.00127220153808594
0.00179100036621094
0.00181961059570312
0.00120258331298828
0.00182723999023438
0.00268363952636719
0.00117778778076172
0.0016021728515625
0.00100135803222656
0.00140190124511719
0.00239372253417969
0.00212955474853516
0.0011749267578125
0.00139236450195312
0.00147819519042969
0.000990867614746094
0.00138187408447266
0.00189685821533203
0.00128841400146484
0.00174140930175781
0.00106239318847656
0.00213527679443359
0.00217247009277344
0.001373291015625
0.00170135498046875
0.00189590454101562
0.00146293640136719
0.00218009948730469
0.00287914276123047
0.00365638732910156
0.00214195251464844
0.00252532958984375
0.00141429901123047
0.00127792358398438
0.00255966186523438
0.00192451477050781
0.00132942199707031
0.00214385986328125
0.00116729736328125
0.00107479095458984
0.00133514404296875
0.00165843963623047
0.0016326904296875
0.00206184387207031
0.00154018402099609
0.00152778625488281
0.00177478790283203
0.00110912322998047
0.00193023681640625
0.00200366973876953
0.00115966796875
0.00141048431396484
0.00121212005615234
0.00131320953369141
0.00173473358154297
0.00168800354003906
0.001220703125
0.00140380859375
0.00217819213867188
0.000855445861816406
0.00127506256103516
0.00213718414306641
0.00201320648193359
0.00171852111816406
0.00109481811523438
0.00263690948486328
0.00245571136474609
0.00185585021972656
0.00205135345458984
0.00173759460449219
0.001556396484375
0.00206756591796875
0.00292682647705078
0.00260353088378906
0.00216579437255859
0.00287055969238281
0.00141048431396484
0.00122642517089844
0.00230216979980469
0.00147056579589844
0.00127887725830078
0.00239372253417969
0.000988006591796875
0.00104904174804688
0.00127410888671875
0.00157928466796875
0.00182342529296875
0.00218009948730469
0.00127220153808594
0.00179100036621094
0.00181961059570312
0.00120258331298828
0.00182723999023438
0.00268363952636719
0.00117778778076172
0.0016021728515625
0.00100135803222656
0.00140190124511719
0.00239372253417969
0.00212955474853516
0.0011749267578125
0.00139236450195312
0.00147819519042969
0.000990867614746094
0.00138187408447266
0.00189685821533203
0.00128841400146484
0.00174140930175781
0.00106239318847656
0.00213527679443359
0.00217247009277344
0.001373291015625
0.00170135498046875
0.00189590454101562
0.00146293640136719
0.00218009948730469
0.00287914276123047
0.00365638732910156
0.00214195251464844
0.00252532958984375
0.00141429901123047
0.00127792358398438
0.00255966186523438
0.00192451477050781
0.00132942199707031
0.00214385986328125
0.00116729736328125
0.00107479095458984
0.00133514404296875
0.00165843963623047
0.0016326904296875
0.00206184387207031
0.00154018402099609
0.00152778625488281
0.00177478790283203
0.00110912322998047
0.00193023681640625
0.00200366973876953
0.00115966796875
0.00141048431396484
0.00121212005615234
0.00131320953369141
0.00173473358154297
0.00168800354003906
0.001220703125
0.00140380859375
0.00217819213867188
0.000855445861816406
0.00127506256103516
0.00213718414306641
0.00201320648193359
0.00171852111816406
0.00109481811523438
0.00263690948486328
0.00245571136474609
0.00185585021972656
